1000
0.0000000000 0.0000000000
1.0000000000 1.0000000000
0.8458742972 0.7925621807
0.0618212462 0.3214092437
0.0860419754 0.0922212369
0.5389263322 0.4106814201
0.4784847792 0.8818923199
0.5949100842 0.2198775348
0.3204149051 0.6112306197
0.8339921818 0.8919553786
0.8157187115 0.6003797633
0.0303540165 0.9457739941
0.8571913288 0.8829433018
0.3349345318 0.5741934287
0.1499665181 0.3339153063
0.8975329181 0.7354494148
0.4125001979 0.4783519621
0.6645029074 0.1957924301
0.6971304459 0.9712937315
0.0586119294 0.5417322002
0.7091507841 0.1154233770
0.2251778153 0.3218302101
0.3714973993 0.9401720378
0.5373845936 0.9008345985
0.7815653991 0.3044622293
0.0937181191 0.3130529441
0.1373329556 0.2050028701
0.0117511759 0.3872104759
0.1718862443 0.9730281836
0.4250469497 0.6816424524
0.1286026432 0.3245992168
0.2237386038 0.3165211115
0.3336628264 0.2930623162
0.7443820890 0.6189194617
0.9782272573 0.9169868014
0.8109679945 0.6068650177
0.8095263784 0.1828793669
0.7565174453 0.7301391548
0.0482776624 0.1292001969
0.3134764232 0.9584282786
0.9992570903 0.2066819258
0.5511614037 0.2615353785
0.5025162663 0.9596791423
0.3597986984 0.7617115933
0.5846509367 0.8442529228
0.3332387365 0.3547693916
0.4126904732 0.5309211733
0.2862157757 0.3944899913
0.9275917357 0.3534824225
0.0570621610 0.1139398740
0.3399852479 0.6600468277
0.6930759703 0.8176620522
0.0077353690 0.6983852935
0.5932795383 0.5203101470
0.0830402861 0.3249336952
0.6920950116 0.6301441734
0.7162117872 0.2652658362
0.3075035086 0.4799088545
0.5339386156 0.8735756704
0.8485415244 0.9929668454
0.5717515760 0.3396854840
0.1795293680 0.5391605850
0.8335724609 0.0743233858
0.0722138392 0.0827285280
0.1756428185 0.5668901900
0.8420474120 0.0537023498
0.2677929484 0.3546623118
0.9611147382 0.9845639635
0.9719250815 0.8683533854
0.1677565389 0.8455424779
0.5957496110 0.8261848349
0.3517301206 0.1847826307
0.1292261344 0.5370909925
0.2837845415 0.6337180143
0.7518262500 0.9434121837
0.0798178298 0.0733340769
0.6106483090 0.4844045512
0.1423221873 0.7736068778
0.1125790272 0.8941229377
0.2056131704 0.1162560517
0.7481101641 0.8607090239
0.0263765814 0.0900510361
0.7700834584 0.0688439662
0.2073570650 0.6082618262
0.8875501744 0.5231010464
0.6195506662 0.8394470353
0.5030962656 0.2071603019
0.8970531792 0.1656229584
0.9213982497 0.0723243769
0.5187547030 0.0859600460
0.3874382851 0.0685001166
0.0623604048 0.3695035980
0.7747218718 0.4317885258
0.3187561355 0.0270176503
0.2370050855 0.7250509676
0.0885267819 0.2199028353
0.1614525269 0.1912967457
0.6474742372 0.0532396443
0.3168110964 0.8244637446
0.0642711840 0.3103611979
0.1770990664 0.1881398624
0.7809254159 0.5779602668
0.0194736254 0.4200003726
0.1255190632 0.8835874618
0.5443541864 0.0482119855
0.7167258075 0.9214987479
0.4465432893 0.2157816783
0.0408983034 0.1781621726
0.5780001154 0.6598045575
0.8350571430 0.7853349392
0.0860866753 0.3247915877
0.2929017538 0.7264741705
0.1855199315 0.8027347856
0.5260023957 0.1013455844
0.0279277979 0.8872938614
0.1586223796 0.5140460883
0.4698206811 0.4054648204
0.4121571102 0.2912582515
0.4079544411 0.1473178111
0.5439675352 0.1604054237
0.7504745928 0.1528678661
0.0454229716 0.2214785974
0.0228957966 0.8348689115
0.5752583930 0.5316571609
0.0698845811 0.4172976386
0.2068898379 0.3884474441
0.3069773901 0.9515210140
0.2021208924 0.4449144317
0.5007802374 0.7356171251
0.1887121448 0.1196839084
0.1118598172 0.3070459495
0.3155744719 0.3747431698
0.8214508222 0.3048432188
0.6868864806 0.8256708493
0.9812673650 0.4047370241
0.1352248529 0.3217772977
0.3751211965 0.2190632340
0.1838361278 0.5877387939
0.8617129130 0.5230827249
0.8694669224 0.2536605152
0.1798770193 0.4202796578
0.9497089597 0.6171046270
0.4407250624 0.0914466259
0.9026042876 0.7784711151
0.6055456773 0.5858394074
0.0412950926 0.3702214667
0.5539842529 0.7074099972
0.0127915128 0.9607857083
0.1839388805 0.4251038047
0.9274702557 0.3555956609
0.3527735561 0.3934331444
0.3747052916 0.4405386364
0.3688633971 0.1080154722
0.6200715121 0.9172272894
0.1731508512 0.9404920338
0.3508510488 0.2648328550
0.3123060758 0.7982184873
0.4391110902 0.5298307404
0.2982483038 0.4363460444
0.3254108448 0.0928588948
0.9731994889 0.5133880662
0.7912350279 0.3909909339
0.0551055927 0.3260935285
0.0845392034 0.6840776926
0.1251743215 0.7854258404
0.5903326923 0.3454120953
0.9374431696 0.6026710143
0.4970127746 0.8298242474
0.0797048323 0.8431772403
0.1992033338 0.4264149882
0.6957814994 0.9749527106
0.4991404584 0.1384875601
0.1910536993 0.2903269985
0.0211860447 0.5498389346
0.5863129740 0.1111061542
0.6378398652 0.3344236844
0.4594223715 0.5011292350
0.1206594507 0.1455048380
0.2199322762 0.3048606071
0.6757865387 0.9807579065
0.7987132653 0.2066280840
0.5013171397 0.7613955158
0.7028319698 0.1623443510
0.0125423285 0.7862322331
0.7853099486 0.9940255117
0.9211252557 0.9257096365
0.0100690240 0.1571467627
0.9255688555 0.9062547930
0.9542818201 0.6918521869
0.3728685953 0.8019452935
0.7835088919 0.1512621448
0.8850325252 0.8983067753
0.9594191395 0.8635979876
0.6091911208 0.4221697135
0.9955532919 0.2295709198
0.4463073658 0.2418639167
0.1635050415 0.8824579683
0.3410375792 0.5336312704
0.1700579311 0.4455146482
0.4740817806 0.5829880350
0.4752305448 0.3098506451
0.9884020122 0.3438700137
0.1018463411 0.3256212905
0.7019756057 0.1137456000
0.4991588248 0.5503641805
0.1122898848 0.6994828595
0.2662262827 0.2305367041
0.8815736280 0.7466088156
0.3151452020 0.0057872401
0.9067996410 0.4837000482
0.3599146881 0.9202187881
0.0247819466 0.9939962267
0.4536188063 0.2008805882
0.3802302702 0.2679286813
0.6647776940 0.9209504384
0.4934132071 0.7131084961
0.8831323348 0.6035454444
0.1041209556 0.5024198897
0.1757917859 0.5418276428
0.9399072180 0.1262159260
0.0765862128 0.1120452673
0.6591291126 0.7812157963
0.6846323919 0.6383789177
0.3530929563 0.7765538673
0.4725332233 0.4319369686
0.1566529679 0.9665324734
0.2602961622 0.4709722887
0.7128984645 0.3299823168
0.8979699852 0.8153678130
0.4651052220 0.2077351720
0.8181632189 0.2556661868
0.0079145484 0.3825659722
0.7690215145 0.8853942521
0.0197436079 0.1400621938
0.7189055920 0.2551604123
0.6197189947 0.6842307526
0.1359250778 0.5179791202
0.3449650004 0.7982533463
0.5886480291 0.5075034256
0.3278670018 0.4386535114
0.8887195952 0.0043231340
0.6679690771 0.0302397038
0.8017876384 0.5402123321
0.4394546686 0.5895406421
0.6900469876 0.9661872663
0.2526978037 0.4460503691
0.3178783088 0.6674614718
0.7971611837 0.2534522821
0.4514713460 0.7468619425
0.3329572296 0.1870929792
0.8139864791 0.7179965238
0.6696765065 0.7093280910
0.4197226977 0.2504396531
0.7736274713 0.0509639565
0.3039241302 0.2914294924
0.7784204146 0.6048709277
0.1892710755 0.4520467882
0.8388674074 0.7569446751
0.6857658052 0.8905716118
0.9644594027 0.2899447539
0.2076376419 0.0516914453
0.6962202823 0.3873400425
0.9090552112 0.5274599907
0.2495274496 0.4371429311
0.5898487024 0.9943830525
0.5355263781 0.2898155994
0.7031082435 0.6507343116
0.2950572201 0.3596830376
0.3084391282 0.8291802381
0.4315490482 0.9758893331
0.0578183680 0.4920200077
0.5131275911 0.6867849028
0.0754112670 0.1298231992
0.3292205327 0.8007345960
0.8983707010 0.1789738395
0.3332340935 0.3066873947
0.4825558280 0.4496068428
0.7804134250 0.4594503190
0.6452711182 0.2126485987
0.3787882077 0.7374610388
0.2165406005 0.5331507965
0.3111444697 0.5849546207
0.6010963088 0.1568325556
0.5572520102 0.3357719386
0.4151736951 0.7577226736
0.5481165696 0.9826584547
0.3553716026 0.6370205641
0.3178142952 0.0037539024
0.4812472643 0.0267708164
0.4835056294 0.2870750034
0.6489822579 0.9966726717
0.5805144950 0.3041444480
0.9203680092 0.5883228800
0.5068980009 0.0755216010
0.3895247312 0.2084164260
0.0907204891 0.1438414356
0.0191808116 0.5009061604
0.0832853604 0.7240700360
0.7590042494 0.8878495213
0.2028667801 0.4360363190
0.4303916554 0.7196463046
0.2060226709 0.5409016947
0.6052845743 0.5075985986
0.3473591634 0.4010801763
0.9809961693 0.0252004328
0.0036560806 0.9622237922
0.5586968509 0.1592907888
0.6845520505 0.4162391009
0.2701198274 0.2681810809
0.1295264049 0.8459027268
0.5652129474 0.4610939245
0.6997049208 0.5744948073
0.8728764021 0.6517269691
0.8130548852 0.1479711990
0.7775903785 0.4584821081
0.7428239807 0.3625470246
0.2166506674 0.0248770576
0.7016173877 0.5171648867
0.9958943760 0.6158823593
0.7672952595 0.1181737936
0.4462116415 0.4094041427
0.8719131002 0.5926453382
0.0988038641 0.2468589927
0.7712155849 0.1771058905
0.8440625833 0.2327640417
0.6397341522 0.0400650313
0.1571072232 0.9804919181
0.6953274226 0.8695716045
0.6224342926 0.9898168825
0.0470424318 0.6111310014
0.1707943387 0.1116048368
0.7814641644 0.7766682629
0.1533273991 0.3059765391
0.1552596448 0.7618233345
0.6211510642 0.9324999645
0.6454116768 0.9067166955
0.9530104957 0.6244444819
0.5236771361 0.6144245343
0.2792623360 0.3938552932
0.5680927929 0.7017547397
0.9873799579 0.9901845686
0.5018915395 0.2985163057
0.9623303277 0.6924406565
0.7589806702 0.0343262397
0.1145878352 0.6532945756
0.2151725017 0.9560998442
0.1792136670 0.6333089306
0.5956476156 0.6047216782
0.7313440508 0.4644309880
0.3716689268 0.9459958854
0.8565941987 0.8641186007
0.0933550996 0.3988267376
0.9392992591 0.2849434670
0.2703596205 0.0326808170
0.5871774147 0.3292439244
0.1085918647 0.1167350112
0.7979143956 0.8843747292
0.6386551021 0.5947149988
0.0913327585 0.5413289026
0.0304656957 0.7322810937
0.4802233502 0.0479826675
0.1785563068 0.1379197627
0.8335802447 0.5179413555
0.9638557781 0.5936503997
0.3978950009 0.8669405158
0.9502767592 0.6484590669
0.9853294012 0.4809833654
0.6582313239 0.7252218249
0.6120007176 0.4338716536
0.9722343958 0.5709823001
0.1752769210 0.6665143933
0.6860429965 0.2407996101
0.0958937592 0.4163748480
0.6663192381 0.4469841699
0.7188693982 0.8426429794
0.6245934624 0.0283905861
0.6666067261 0.2311968936
0.0273432188 0.4985384050
0.2682370335 0.3831439527
0.2452930125 0.1166831238
0.6511732761 0.7917080369
0.6455782824 0.6925610483
0.0740049173 0.9944565618
0.9642068560 0.3833839022
0.6042804649 0.0513371685
0.9612893236 0.0707597628
0.3003880197 0.4437205779
0.0578000234 0.5155690308
0.6436579138 0.8156226852
0.3801677769 0.3804256378
0.0849760416 0.8855058496
0.3977864129 0.3822052184
0.2196099489 0.5455351168
0.1285724917 0.2912232542
0.2846144880 0.6348924272
0.7089879706 0.2289981258
0.3850971747 0.1247283221
0.9774838894 0.7331357397
0.0987882275 0.4845566092
0.6041104407 0.3557230961
0.8827735456 0.8133748945
0.2140778813 0.1407207914
0.0119136708 0.9135197838
0.8993418628 0.1861953778
0.6153852254 0.8612423649
0.4898254771 0.6388339560
0.7459459265 0.7852161548
0.9646800217 0.8910356971
0.3159376792 0.5026663728
0.4240246748 0.4549754802
0.1647072098 0.3825354580
0.1128952568 0.9733874086
0.4840367896 0.3060771604
0.0916706580 0.0934168955
0.3213425273 0.8774971212
0.2810346823 0.4777416383
0.9048108635 0.1007353310
0.7745706447 0.0562637603
0.0903092040 0.5832118346
0.5083741703 0.7320265087
0.3168191822 0.9533335316
0.6046096618 0.1466105692
0.0753063718 0.5857873032
0.9647243806 0.7831168951
0.0453538044 0.9171200085
0.9780732976 0.6389441692
0.7345504717 0.6038337531
0.5329970036 0.9359206770
0.6675406383 0.5262003451
0.8699339957 0.8519521315
0.9148033450 0.1732260024
0.1999375799 0.0561980904
0.0256459356 0.2576738458
0.4270069521 0.9088919507
0.2355590156 0.5047780467
0.7589309238 0.5472700333
0.1549949006 0.4342604346
0.4688817540 0.7206777658
0.0147953006 0.6124864710
0.5787857587 0.1607719965
0.9429080380 0.2900746297
0.7755363498 0.4768403320
0.6776968053 0.5599990340
0.4424043611 0.0516094645
0.5850620743 0.1722027535
0.2905392290 0.1795169610
0.8397551045 0.9229645640
0.7092440223 0.7372713184
0.1556812931 0.1007396329
0.6187463490 0.0056275991
0.5056528828 0.8149204014
0.3054758787 0.8716574193
0.8579656942 0.1599408538
0.4473988147 0.5323928724
0.0753377528 0.0743737723
0.2957481060 0.9935765851
0.7711624046 0.4431472626
0.7695278842 0.1113509174
0.0986925322 0.4607332614
0.0404591399 0.6600711449
0.1606860742 0.5241374452
0.0385730915 0.9260289690
0.9702077058 0.9567464490
0.1924474795 0.6247245313
0.6676951243 0.6775647930
0.6331202452 0.5184259340
0.0050628018 0.5251005123
0.0370042340 0.9711079686
0.9445297510 0.3211353405
0.2606651752 0.8194621535
0.5880225342 0.9168412530
0.9291147544 0.3615225579
0.5524178914 0.4021823980
0.1793095491 0.9685529624
0.3365543140 0.3792674931
0.8318352932 0.8111930213
0.1878555664 0.7012946297
0.3662953356 0.4574617657
0.4695729605 0.3609568299
0.2097114452 0.6480694278
0.5540678311 0.2756534321
0.0122834710 0.3835892763
0.8232193090 0.5615787605
0.7811441545 0.5683930204
0.4439565168 0.5147361060
0.9702838791 0.8478550882
0.2050787508 0.9241518893
0.8836097953 0.9481823705
0.8509409557 0.5310409959
0.0381422133 0.7823276275
0.0282458111 0.4174011620
0.4556405372 0.8207964201
0.1740981812 0.8584908616
0.2034902427 0.7427590490
0.4166413293 0.7058713560
0.8894710616 0.1807302119
0.8340085759 0.6811706757
0.2300657778 0.4511810983
0.2229882383 0.0554532988
0.2582582803 0.5237998601
0.8657133493 0.0650562250
0.2143083805 0.1237181729
0.6508523176 0.0719788126
0.6717798179 0.7838729877
0.3051900944 0.9153896126
0.9911374019 0.8687741609
0.4221541200 0.1205409712
0.7645179005 0.0763006980
0.4357527210 0.6323579712
0.5178182873 0.6907487596
0.6815584097 0.5231953142
0.5700346884 0.9082076126
0.2107818600 0.6877317601
0.6148234170 0.8844400426
0.0791471382 0.8826991347
0.2855454052 0.7657959300
0.4191921182 0.5951186508
0.6925940089 0.8552892654
0.7227825741 0.1299442560
0.6805953381 0.2388199572
0.4100424482 0.9964894418
0.3431090477 0.6506241495
0.9415664103 0.1427400008
0.1537472918 0.0923873285
0.4426957095 0.8376322668
0.9251675954 0.7370570464
0.0518014422 0.0336026432
0.6911854456 0.9462430269
0.9789340480 0.8551910978
0.5222907819 0.8091940332
0.5668619326 0.4542072768
0.2311419350 0.4716927605
0.4834357024 0.8479452033
0.9021496007 0.6648113501
0.5423788751 0.5141585925
0.1880524257 0.2663215172
0.5490202745 0.4549853601
0.3564248451 0.4316553869
0.9981464738 0.1617368336
0.1403470424 0.8166639461
0.4130680180 0.4134434283
0.5500055555 0.6810223992
0.6081559696 0.1242749971
0.9357827755 0.2089825319
0.1815199839 0.5184313175
0.7584318895 0.2132743311
0.1001634201 0.7558236162
0.7182235127 0.4983101436
0.3268645676 0.7578457693
0.1224889858 0.5504468742
0.0561970797 0.3897595128
0.6297742603 0.8959126175
0.2765175884 0.3446950202
0.7988579944 0.4211060569
0.0554112492 0.0439945654
0.1921754813 0.1853284400
0.1580013777 0.6196037167
0.1357303749 0.7726096363
0.3506923357 0.5764407975
0.6213639772 0.0271409752
0.0173294928 0.0461523368
0.2522919263 0.0959295640
0.5204238671 0.6383881545
0.5791065743 0.0626400715
0.0770033315 0.7717072394
0.6509826270 0.0981916405
0.7868161793 0.0234509967
0.1156127353 0.9765290048
0.8500267330 0.4763978736
0.7414386220 0.0080887875
0.9422074687 0.2597398335
0.8070324998 0.9288330512
0.1763449386 0.4828969947
0.4050226229 0.0493240897
0.0747422774 0.5429143637
0.3417458362 0.0161660099
0.4981140196 0.3496604241
0.9788489007 0.8672398337
0.5348335449 0.3577739976
0.0593498472 0.6725109620
0.9402073625 0.4202826705
0.2882091286 0.9437889271
0.8338147495 0.3860423786
0.1962499025 0.1696712516
0.0123648936 0.0516243019
0.6063054583 0.2860046489
0.4161881451 0.5480019540
0.8417611043 0.6275482793
0.9993918788 0.4933677201
0.6701968396 0.9231254957
0.4968754758 0.2756348681
0.8586261368 0.1944021623
0.3558131530 0.6416572793
0.1318651069 0.9975307535
0.4048773600 0.3649264122
0.2718559874 0.3072515456
0.6713892936 0.1394802451
0.0733068240 0.4846435214
0.1247477042 0.0049874756
0.8797996432 0.1925688636
0.0239006453 0.5464445869
0.4645572953 0.8269572889
0.9772891512 0.8316519280
0.0913489884 0.0174271509
0.7856059115 0.5506101222
0.6935530567 0.0173422323
0.6308760809 0.1032054441
0.2431852091 0.3512549190
0.1997811372 0.4450291028
0.5467387856 0.9167874735
0.8848113240 0.3459019012
0.9009731162 0.8483550830
0.2937455835 0.3416524415
0.2693253215 0.8417358327
0.9161226811 0.0669235710
0.8984091796 0.3113443160
0.9447805942 0.8452580193
0.5841046711 0.7061669533
0.9312058041 0.3824415262
0.1180300785 0.5456691345
0.1653479460 0.1600571589
0.7977283539 0.2535852320
0.4137193898 0.6584323422
0.2676875983 0.6653547576
0.9240135378 0.8516355648
0.3733555794 0.1640688299
0.4101391614 0.5119072678
0.1565964046 0.7601432743
0.0684831126 0.7368850153
0.5985770990 0.0715359191
0.5443766691 0.7702105202
0.2248606792 0.0841771236
0.1671558579 0.6245820106
0.2275212612 0.7763845393
0.7028693925 0.2360423776
0.3303861426 0.1763842667
0.3356024683 0.8792696702
0.2260484624 0.1886621820
0.5815482743 0.3558638225
0.0470834700 0.5727212561
0.3643736867 0.0310990154
0.9989401864 0.7869213329
0.5360889064 0.1393387136
0.9782695725 0.0204304845
0.7145457366 0.9042861023
0.7279890278 0.6279175322
0.4268525944 0.9274698308
0.8391727584 0.3544678849
0.1974086842 0.9868410753
0.6998956448 0.1923057131
0.3999237979 0.8570849571
0.3124482843 0.4462571789
0.4047043137 0.0142253428
0.7528792977 0.6014914445
0.7956498367 0.1193293330
0.9306102723 0.8849270565
0.2058193697 0.9895934018
0.2209078830 0.9907932936
0.6260893842 0.3598208055
0.4892865110 0.3011876898
0.8783408303 0.1132752824
0.0044539597 0.0740722415
0.3127758367 0.8181236720
0.7452020945 0.4940024042
0.6883789840 0.3441559203
0.6466827179 0.1849848813
0.6262019698 0.0541977261
0.4027985884 0.7702112166
0.9870650553 0.5656078861
0.5439785420 0.3300162793
0.0184318898 0.3594785581
0.6433943118 0.1572620859
0.1396292940 0.5786334867
0.6697160953 0.0384487898
0.7902468446 0.2002456409
0.7007928333 0.3992065760
0.8534658786 0.3948726004
0.4401822585 0.0444234119
0.7842308671 0.2909339917
0.2372449816 0.8961156681
0.7215908976 0.5521325089
0.6015552744 0.0862493748
0.5452025694 0.1450461578
0.5236715631 0.9970724284
0.0478996941 0.4250959892
0.2668471690 0.3581187267
0.1393996048 0.2013204560
0.6780522597 0.3068974530
0.2706296644 0.7538637120
0.4817159290 0.3993818597
0.0738215106 0.8728118369
0.4658874004 0.9167635822
0.5504349975 0.8629876667
0.9480534389 0.4565403503
0.0071376676 0.1165415035
0.4166388454 0.7188559609
0.3394793947 0.2936511580
0.7842556642 0.6031133839
0.1935665270 0.3713717953
0.2600558527 0.2152336926
0.9979531743 0.8216524298
0.4510810632 0.1525338229
0.8511320586 0.9617623290
0.9362926911 0.4810496173
0.7744208219 0.0838474850
0.2220037786 0.1492304158
0.8957040855 0.3150636286
0.6837239835 0.1922840217
0.7164055630 0.2857087162
0.8269676308 0.9730523355
0.7322284661 0.5900048559
0.9583638665 0.8781488933
0.3276167739 0.7126555347
0.1484472180 0.3421921346
0.0445534988 0.5640313743
0.1887956419 0.8083187437
0.0382268725 0.0178132029
0.0987225081 0.2497635796
0.7752586957 0.8771488684
0.6205177764 0.1751444271
0.8046036781 0.5088560648
0.0572728795 0.6191904457
0.7368923981 0.9799299403
0.7536126782 0.4810060876
0.4049046649 0.9065916860
0.4971971817 0.7135626231
0.5460241926 0.3833395974
0.1276445323 0.2909615541
0.2469392400 0.2979417760
0.6795659430 0.5841158752
0.8215185663 0.0580357544
0.4576924065 0.7608462324
0.7547052839 0.2559764134
0.5446118276 0.0929911022
0.8384360318 0.0808012924
0.3754247089 0.6009811317
0.6500064062 0.3496576913
0.1786648203 0.2954299785
0.0789679022 0.8757634462
0.2791215742 0.3856449371
0.6955558321 0.5159492371
0.4857382621 0.2165626319
0.3718110434 0.6480573080
0.0465511634 0.3684664580
0.7159735302 0.0169475525
0.9426719992 0.3079439117
0.5613887452 0.8575891233
0.6146062654 0.2138938182
0.9630825493 0.9546915162
0.5667389261 0.1189945626
0.8983241527 0.8305562639
0.6796073299 0.3048965468
0.1419108978 0.5663066731
0.4746212362 0.9685032184
0.5925723001 0.8563795750
0.0221782962 0.5370567045
0.6638054047 0.7721398398
0.6616623556 0.6513458664
0.2206170933 0.3677045867
0.2106015026 0.7592056447
0.9430633801 0.6995410167
0.8803012245 0.4655788249
0.9281395134 0.0511279659
0.6865577085 0.2707622225
0.8034889250 0.1549482916
0.7465947738 0.0950613691
0.6195632464 0.9863051399
0.4871576676 0.0359289996
0.3112794167 0.2669323898
0.4537351800 0.1327645034
0.5758840192 0.1610956222
0.1071715617 0.5249026972
0.6006492519 0.7728568177
0.7214678877 0.2799221266
0.1921888227 0.9604022205
0.2553622790 0.3422548126
0.5085961865 0.6718100381
0.8603168716 0.5061803498
0.7762714318 0.4763602015
0.5088290460 0.0526392543
0.0852174657 0.2164658983
0.0795230885 0.7059021321
0.5997502147 0.7375328675
0.1192675248 0.8639825009
0.2959811076 0.4665284172
0.4176028381 0.6357825513
0.6430948427 0.2047698672
0.4750527148 0.0783132521
0.4823592413 0.8764174554
0.9244317377 0.1689313922
0.7259676928 0.1313841494
0.9730507448 0.4703872623
0.3972294812 0.6398511885
0.9737609610 0.1505795405
0.9642866495 0.6353041299
0.3040660841 0.0042639001
0.8814505626 0.7639819759
0.8350718275 0.3905648560
0.7454152119 0.5808571215
0.4058300704 0.5479907132
0.4980185234 0.0957415521
0.8836750427 0.5777542464
0.6628864692 0.6178404988
0.5874373657 0.4965520434
0.6902098592 0.7730520051
0.0779608152 0.1515580702
0.1020666948 0.9755365832
0.5791363208 0.4632380371
0.2801175119 0.8235587464
0.5827059814 0.4156927906
0.4181655177 0.8593276659
0.5113795815 0.4495904022
0.3739863944 0.8835416906
0.6673447437 0.4293487931
0.8979982338 0.5475674009
0.0770412551 0.1540810858
0.9907543052 0.2596608551
0.2581088313 0.4609190273
0.9469070304 0.5363648141
0.3807068423 0.3296799318
0.9802047474 0.8061927870
0.7729436246 0.0394449312
0.1922469176 0.3299370184
0.2289420068 0.3504679930
0.0471379021 0.3404138391
0.1181064142 0.8889359315
0.4448431171 0.7241872336
0.8654468732 0.3974523257
0.9479656817 0.5687867850
0.9753530036 0.2807187327
0.7098256204 0.6811640407
0.4050016046 0.9237388442
0.1761375978 0.7466068025
0.7586189962 0.5889726663
0.6882477037 0.1420581669
0.4701098379 0.3092191154
0.7028032566 0.5437632779
0.8691018781 0.0846072299
0.4608941642 0.3763933334
0.7842460796 0.8649277835
0.5891180458 0.8392734984
0.1276502768 0.2526382901
0.2956858491 0.7150669180
0.7256133941 0.5972265705
0.5365981011 0.4172446465
0.5133667065 0.1682189370
0.7700866810 0.7648972260
0.0953175534 0.3919711484
0.6919307523 0.7869202171
0.5873296668 0.7164815005
0.6499192373 0.4523331440
0.6038639589 0.5288172253
0.2726470052 0.5994670402
0.2303419197 0.6913467539
0.2159953629 0.4939828868
0.8298836299 0.6858220260
0.8300618046 0.3841596615
0.5736107144 0.0584567051
0.9799679709 0.1416175315
0.6549942800 0.8444974451
0.2158888379 0.5766174242
0.2512664203 0.9173872138
0.9808102342 0.2993061602
0.4287031555 0.7554710602
0.5689357935 0.0617514128
0.3536258806 0.9482964273
0.1033285545 0.3603385358
0.3672572760 0.8749113346
0.8882864849 0.7040770117
0.7101064790 0.3781658469
0.1101153402 0.3615915007
0.9403480738 0.9318733087
0.0093760292 0.5880483092
0.3806975212 0.7517896812
0.3283481645 0.3029955940
0.2495759439 0.5367208203
0.0493652911 0.9410709855
0.4848948272 0.0426689937
0.1828411668 0.7297581016
0.6525816048 0.4907816634
0.6382209960 0.9618493115
0.7470051291 0.8889669791
0.0167552279 0.9249984309
0.1367498494 0.7073920462
0.5019075824 0.0267243225
0.3867260728 0.9896815692
0.8913732094 0.3104525371
0.1963927270 0.9044862308
0.2140970852 0.9966585035
0.2339087691 0.9461913238
0.3063461240 0.9029025555
0.2173175650 0.4788880320
0.1828034844 0.5975240405
0.1964082377 0.0843313963
0.0318169805 0.9239873603
0.6226867747 0.2224601281
0.1883474930 0.0963503716
0.4599288912 0.0421554308
0.4938281948 0.9110512684
0.2840754218 0.7902675252
0.0390581330 0.7461875184
0.0487706479 0.1585396093
0.4044190173 0.9266860820
0.9516324431 0.0809114762
0.1611174858 0.7222413839
0.6263822770 0.9477854712
0.5778190719 0.7146236498
0.7072526722 0.9391901014
0.1889547641 0.5219372248
0.6646280943 0.1953773290
0.1241444031 0.8996344465
0.6946648645 0.8412417049
0.8725958002 0.0515677278
0.3606742905 0.4600507622
0.4620021489 0.5790889549
0.6303427423 0.4723275931
0.8683745238 0.8721815933
0.9304011083 0.0173285562
0.8414102889 0.9038378208
0.8491450762 0.3574099656
0.2294123958 0.3273693326
0.1572472916 0.5296798444
0.3184383692 0.4960671393
0.8885907903 0.9546816904
0.6622721871 0.5256021574
0.3253926569 0.9784594414
0.3729758982 0.8017850298
0.8656757683 0.8722039154
0.8661923728 0.3997802304
0.9161855176 0.6427828331
0.6110342344 0.7255958205
0.1501374304 0.1178078126
0.5213082549 0.3166469966
0.6967209217 0.1604937138
0.2429885772 0.1454182151
0.0880730963 0.5424167586
0.7422662123 0.9587250074
0.0794759341 0.9563799340
0.2791660540 0.1548032807
0.7798188959 0.8869452249
0.0636372715 0.4514304117
0.8819084692 0.5727942918
0.6341862537 0.1305091106
0.1659949074 0.0929304644
0.2735361963 0.9580216082
0.8649255539 0.6878363228
0.5814605193 0.9729878316
0.9256232782 0.7870534559
0.6618524462 0.2150387629
0.6791276088 0.8562513663
0.2492560456 0.1174415494
0.9402251495 0.0997052583
0.4994991352 0.7308903504
0.0977348442 0.2582031877
0.0997313996 0.1631034281
0.3278030568 0.2277549168
0.8150864366 0.6202427297
0.6651019626 0.9910763977
0.5823491738 0.2184000607
0.3006145765 0.4016753934
0.7854253207 0.2968693215
0.1397275869 0.6894649429
0.4030726221 0.3096514807
0.3506439429 0.1671836854
0.3062684502 0.4976155710
0.3606644023 0.5085027637
0.1007520544 0.4509649807
0.5166775909 0.1415511952
0.5596937257 0.3601357183
0.4162367084 0.7556930079
0.8721074899 0.2229790360
0.7368899251 0.6547408207
0.6445375819 0.5270579407
0.2439710488 0.7063922315
0.8367137405 0.9581135937
0.5408455609 0.9355271636
0.5862834742 0.4992338215
0.0406466517 0.3881053843
0.1833942375 0.8799829767
0.5848245092 0.7527555445
0.2928123960 0.7107287026
0.1113717287 0.3687481560
0.8894296020 0.7946275934
0.7843761117 0.6718966901
0.2724214695 0.0482088831
0.0365918071 0.8340328880
0.9539877553 0.1812207844
0.0480083538 0.3370529976
0.1805167288 0.7873821234
0.2859365523 0.4891343676
0.3371811175 0.7799069175
0.8659188019 0.4385726389
0.5113865156 0.1691475151
0.6578112028 0.0697914029
0.0461576812 0.0244272610
0.2576730109 0.2764280270
0.0014617804 0.0881112427
0.1736388000 0.4980008757
0.0596320677 0.9171895305
0.8327371908 0.0795144095