20
0.0000000000 0.0000000000
0.5157187115 0.6003797633
0.6303540165 0.4457739941
0.5571913288 0.5829433018
0.3349345318 0.5741934287
0.6499665181 0.5339153063
0.3975329181 0.7354494148
0.5125001979 0.5783519621
0.6645029074 0.6957924301
0.4971304459 0.3712937315
0.4586119294 0.5417322002
0.7091507841 0.5154233770
0.2251778153 0.3218302101
0.3714973993 0.4401720378
0.5373845936 0.4008345985
0.7815653991 0.5044622293
0.5937181191 0.3130529441
0.5373329556 0.3050028701
0.2217511759 0.4872104759
1.0000000000 1.0000000000