50
0.0913489884 0.0174271509
0.7856059115 0.5506101222
0.6935530567 0.0173422323
0.6308760809 0.1032054441
0.2431852091 0.3512549190
0.1997811372 0.4450291028
0.5467387856 0.9167874735
0.8848113240 0.3459019012
0.9009731162 0.8483550830
0.2937455835 0.3416524415
0.2693253215 0.8417358327
0.9161226811 0.0669235710
0.8984091796 0.3113443160
0.9447805942 0.8452580193
0.5841046711 0.7061669533
0.9312058041 0.3824415262
0.1180300785 0.5456691345
0.1653479460 0.1600571589
0.7977283539 0.2535852320
0.4137193898 0.6584323422
0.2676875983 0.6653547576
0.9240135378 0.8516355648
0.3733555794 0.1640688299
0.4101391614 0.5119072678
0.1565964046 0.7601432743
0.0684831126 0.7368850153
0.5985770990 0.0715359191
0.5443766691 0.7702105202
0.2248606792 0.0841771236
0.1671558579 0.6245820106
0.2275212612 0.7763845393
0.7028693925 0.2360423776
0.3303861426 0.1763842667
0.3356024683 0.8792696702
0.2260484624 0.1886621820
0.5815482743 0.3558638225
0.0470834700 0.5727212561
0.3643736867 0.0310990154
0.9989401864 0.7869213329
0.5360889064 0.1393387136
0.9782695725 0.0204304845
0.7145457366 0.9042861023
0.7279890278 0.6279175322
0.4268525944 0.9274698308
0.8391727584 0.3544678849
0.1974086842 0.9868410753
0.6998956448 0.1923057131
0.3999237979 0.8570849571
1.0000000000 1.0000000000
0.0000000000 0.0000000000