100
69,6
42,65
27,69
100,20
21,55
74,16
3,46
54,93
71,89
33,54
21,92
78,39
92,94
33,91
26,91
84,55
27,40
30,89
40,33
41,5
60,98
51,63
80,48
65,5
28,27
81,23
5,36
2,77
74,31
26,78
65,87
8,7
78,62
33,93
32,16
99,23
59,59
97,50
57,45
50,92
9,2
45,15
23,84
67,63
65,95
42,76
74,74
1,68
89,71
62,84
11,3
5,25
13,39
16,80
47,9
92,3
34,85
49,39
24,59
86,59
68,81
39,28
57,19
33,67
56,10
39,36
17,41
90,13
60,18
2,80
84,4
6,33
30,32
93,90
52,65
48,44
29,78
65,18
72,29
34,23
24,69
92,70
7,99
15,51
42,90
1,74
25,77
2,19
48,19
12,87
38,99
89,9
19,15
40,41
24,37
4,94
13,11
44,92
38,57
97,72
55,70
12,68
45,10
99,41
21,18
28,4
77,73
9,26
49,25
14,32
24,61
50,71
15,81
77,47
14,75
91,23
9,77
22,88
44,52
69,81
39,24
17,42
85,25
3,97
12,39
45,87
2,14
58,72
84,92
70,17
73,13
48,30
62,3
65,70
98,22
85,58
74,70
94,10
6,16
6,13
90,18
28,26
16,88
31,1
39,33
49,69
72,36
24,42
55,65
31,55
37,79
3,34
58,68
45,28
4,60
34,8
47,38
3,47
95,62
54,75
94,56
19,71
74,64
74,13
14,87
26,3
1,31
82,96
52,42
36,54
88,73
48,66
95,36
57,27
85,73
43,97
46,30
41,41
62,14
97,14
66,56
59,37
55,46
16,49
90,78
79,75
36,50
43,87
78,85
89,1
8,10
29,52
94,45
71,59
98,21
80,32
67,90
3,50
6,44
68,70
59,16
3,88
73,93
53,11
20,25
99,48
43,63
97,62
71,98
93,72
43,17
19,16
3,27
90,41
31,48
8,67
23,91
4,44
89,91
7,44
83,95
66,80
73,77
89,18
81,49
17,52
18,23
36,87
66,21
60,61
91,51
71,73
9,33
16,33
95,86
91,73
9,51
24,47
49,99
20,16
60,73
13,2
65,42
46,24
52,82
31,86
28,23
32,72
16,69
58,51
93,31
97,40
12,89
13,90
48,71
11,18
72,51
43,96
11,89
83,17
13,57
82,52
84,99
48,88
3,44
39,86
79,10
94,93
11,95
26,6
77,22
51,96
6,69
90,79
14,54
86,62
55,61
91,46
95,39
96,11
25,69
18,16
18,68
76,88
75,77
39,3
60,55
70,95
48,83
23,19
68,26
11,92
98,42
67,53
51,69
89,48
11,82
18,89
18,64
73,97
39,65
6,58
28,36
1,38
27,86
29,57
39,95
79,47
89,6
29,97
75,98
58,64
75,39
40,32
43,65
3,78
46,97
76,39
64,72
61,31
5,83
55,90
73,69
85,91
52,50
53,68
83,73
25,96
33,88
91,20
19,77
30,55
49,44
92,48
87,82
1,25
32,46
2,25
8,17
39,37
26,26
9,46
83,35
65,49
34,89
47,88
81,50
59,24
28,50
32,4
27,34
66,62
41,33
97,28
52,89
37,66
70,21
11,81
25,21
45,9
11,46
52,17
86,86
62,93
68,12
87,12
57,50
72,10
66,64
49,62
8,59
49,93
4,37
46,18
69,22
49,87
95,14
86,56
42,62
89,12
17,81
75,2
63,45
40,53
17,9
14,95
97,15
20,37
99,10
32,55
88,54
68,27
67,26
53,65
2,57
67,73
94,19
94,75
40,64
74,44
38,52
11,38
24,58
90,72
67,86
54,23
11,21
87,52
8,95
32,98
98,88
92,52
10,71
3,37
12,28
35,71
17,15
83,31
66,90
77,48
6,97
100,8
52,3
97,78
56,53
90,63
82,21
28,69
56,51
29,62
42,46
60,48
69,8
100,12
45,68
61,12
93,7
76,34
92,85
36,88
59,75
14,39
22,87
13,26
32,9
56,11
39,29
20,53
86,98
55,72
74,95
6,38
17,91
89,29
73,75
38,59
81,99
27,95
79,87
95,19
63,92
55,75
65,29
54,25
54,43
20,56
96,55
71,67
96,33
16,72
71,10
57,2
15,36
84,29
29,41
43,4
26,49
13,16
15,32
87,67
71,97
25,61
5,61
38,45
78,23
46,7
48,75
33,66
91,25
1,43
2,89
25,97
89,93
65,32
51,39
55,48
64,35
45,98
1,57
42,55
64,28
51,23
30,58
36,7
68,24
41,54
46,9
20,84
32,34
90,85
14,81
16,36
12,6
5,7
99,86
27,52
14,57
89,47
3,58
10,54
75,99
59,10
60,30
59,89
35,69
32,76
96,72
94,60
17,32
60,83
34,93
29,38
47,1
66,41
82,51
18,86
79,73
4,40
71,34
20,88
4,6
46,8
89,15
13,20
75,96
48,2
5,77
76,15
76,43
25,87
7,11
28,78
57,62
77,51
56,70
62,34
36,30
55,16
91,18
78,22
16,35
87,19
28,75
81,54
16,44
69,1
85,38
45,52
97,20
32,61
15,48
73,3
38,18
37,84
20,70
70,72
43,49
18,84
71,74
66,47
10,98
68,17
17,49
59,94
74,75
88,18
2,76
3,15
50,63
59,58
27,50
31,33
55,57
67,34
59,21
73,25
5,65
17,100
23,51
93,21
26,18
66,89
7,82
38,76
87,31
48,34
75,82
82,24
79,56
35,18
7,2
16,86
53,96
97,38
88,45
42,64
49,54
10,15
16,95
65,94
80,57
27,15
29,27
96,30
19,72
57,77
51,90
75,41
34,18
84,90
43,3
54,36
15,63
93,46
50,87
1,53
66,14
36,42
90,31
75,79
45,23
30,99
78,37
90,25
37,91
78,63
44,67
58,1
38,98
27,18
5,75
97,33
18,95
80,8
6,46
79,16
73,88
26,55
77,31
99,5
80,11
85,4
59,50
11,97
61,36
27,28
56,43
19,41
56,95
33,83
38,4
90,62
11,30
32,71
75,81
97,55
24,52
72,46
45,34
40,51
1,85
68,58
25,19
39,63
32,29
67,15
46,59
25,48
53,56
30,16
67,41
22,45
10,42
86,99
73,18
82,1
92,80
43,19
80,68
59,12
62,15
14,93
32,97
34,12
96,67
57,58
11,50
76,71
72,73
14,33
92,24
45,14
42,83
18,30
97,19
85,21
43,8
30,40
43,1
35,54
79,45
16,18
20,19
10,100
76,72
41,45
55,17
42,99
10,87
83,97
72,4
94,63
94,22
24,18
75,25
59,30
98,13
24,96
5,30
84,38
47,67
44,91
63,72
91,85
47,22
63,20
49,95
75,59
71,79
19,38
100,79
43,13
59,56
33,95
44,56
40,56
91,1
14,86
54,17
19,21
21,65
50,28
64,58
97,8
31,72
67,78
70,83
65,71
56,4
51,82
21,39
13,70
43,9
54,87
53,42
75,1
67,56
10,70
53,87
83,87
42,10
91,58
52,74
76,77
30,11
35,40
8,13
19,59
42,24
48,47
90,1
73,24
75,32
43,37
80,6
53,62
45,12
96,19
76,83
54,84
82,28
74,7
26,33
2,5
94,26
85,70
87,99
70,82
84,87
3,35
53,50
27,4
32,1
55,28
90,82
38,27
50,91
81,60
49,89
64,100
38,66
100,34
73,84
13,78
88,95
70,50
15,68
93,17
18,8
6,85
57,75
4,96
47,90
31,11
18,97
98,36
59,78
79,70
71,94
14,50
87,62
34,63
52,41
41,2
9,15
74,17
95,49
32,31
80,37
8,91
65,1
56,91
26,94
74,34
83,4
19,27
4,57
81,83
12,51
39,99
85,50
33,27
66,74
9,72
21,91
5,90
76,13
74,80
100,68
34,61
33,44
8,20
76,37
75,56
85,76
60,17
62,62
86,90
75,47
30,76
92,76
4,64
48,89
47,24
10,93
56,6
80,27
78,30
65,65
32,11
52,5
18,36
74,58
12,14
14,72
41,64
99,7
38,36
38,71
65,19
2,21
4,82
53,7
21,46
79,30
28,22
99,26
32,73
11,9
90,73
71,19
25,99
67,48
47,65
70,20
2,26
56,72
67,16
34,39
69,40
34,30
22,18
68,57
93,15
83,55
84,69
69,37
72,91
18,50
6,54
37,27
27,38
3,53
61,16
100,13
69,4
68,77
15,53
26,93
75,94
39,72
27,66
100,36
79,79
99,87
71,48
12,97
91,66
34,57
5,23
3,57
1,72
71,27
94,41
37,2
44,99
55,79
47,80
21,71
49,49
65,24
62,77
56,2
46,2
12,38
88,21
32,59
63,71
37,41
45,91
57,32
4,56
80,33
5,46
37,42
77,97
25,31
9,88
20,59
33,50
28,67
71,70
41,42
38,67
22,80
35,67
26,63
55,77
61,66
74,39
31,5
50,95
39,32
69,99
67,72
56,41
83,66
24,19
13,43
43,75
72,98
89,30
65,31
2,47
10,92
80,52
99,91
22,16
50,78
91,17
83,69
24,55
30,21
77,45
25,23
67,24
91,6
52,87
82,90
57,15
58,59
4,66
41,55
8,69
10,33
46,68
37,93
64,93
70,54
44,87
10,1
99,27
46,100
98,33
57,35
80,24
64,50
19,54
14,53
29,21
45,41
63,12
74,15
69,78
84,35
58,54
42,1
64,76
88,24
55,74
71,11
73,43
44,7
24,4
35,50
33,30
82,77
45,97
35,21
75,12
7,29
15,42
47,39
16,63
27,71
26,79
93,33
81,9
51,36
35,58
69,44
83,47
44,96
3,12
27,94
65,7
87,53
21,22
71,41
28,38
17,28
52,19
54,98
98,56
98,28
60,28
39,66
91,27
10,30
2,83
14,68
58,60
43,40
89,95
96,80
59,8
84,34
4,99
47,86
96,44
52,24
58,89
62,86
4,19
40,48
77,44
15,90
63,66
95,95
37,52
9,6
30,15
38,83
80,100
16,90
62,4
25,66
37,47
71,45
11,78
74,55
47,60
49,12
88,40
15,75
90,100
23,10
85,86
6,3
96,71
53,32
28,30
84,63
88,82
89,49
75,24
8,66
6,59
6,64
79,64
75,75
82,53
48,38
84,66
43,91
20,67
91,72
42,85
16,58
97,48
63,55
55,18
83,26
92,69
10,14
28,71
66,28
22,15
50,76
68,44
63,41
29,33
82,2
71,26
61,68
12,77
91,91
74,91
11,23
33,18
58,3
100,96
82,91
41,91
93,47
4,52
94,43
61,47
84,81
89,64
23,15
19,40
86,4
20,1
84,14
81,12
78,99
79,35
70,15
88,55
8,15
21,19
81,17
61,8
87,2
5,92
92,23
59,17
44,30
94,97
98,77
92,38
48,64
23,4
13,38
87,28
37,7
27,13
60,66
10,78
62,57
75,89
17,38
46,50
56,76
47,92
73,10
41,98
39,70
69,2
35,93
87,79
85,85
75,10
87,38
14,97
37,46
42,26
21,58
90,50
17,27
6,82
89,69
42,22
13,41
2,59
10,64
44,50
42,34
59,40
48,58
72,88
3,85
71,51
2,30
24,25
45,61
72,22
23,48
86,76
14,71
97,34
6,27
25,49
96,16
93,6
13,67
44,31
46,14
94,99
62,5
24,17
95,29
28,9
31,39
10,61
15,99
2,4
66,86
33,98
55,80
66,97
58,16
35,8
43,28
98,90
37,11
2,23
95,21
49,92
81,66
94,65
26,75
76,50
2,58
61,89
72,68
33,6
64,54
59,69
38,60
88,56
45,44
89,85
85,14
54,30
11,34
89,79
11,88
3,16
20,20
31,83
99,54
73,17
56,15
29,23
69,26
41,13
69,74
28,53
41,7
72,41
69,86
5,38
100,41
59,42
32,94
33,57
78,9
44,79
81,46
24,89
26,24
38,31
58,45
36,72
50,39
48,5
26,37
59,77
48,31
45,5
82,37
85,60
43,94
77,72
87,50
2,95
13,82
11,1
3,26
69,46
57,3
7,26
60,58
82,17
79,20
28,18
59,49
12,67
63,75
35,20
53,14
37,21
10,37
40,86
89,87
85,89
94,37
71,77
74,81
19,70
41,50
100,55
76,81
96,21
33,68
69,5
44,75
26,100
85,53
76,23
100,53
21,86
61,23
20,10
84,70
60,68
26,81
63,21
11,63
70,33
49,28
48,10
4,1
52,37
24,76
38,97
91,70
92,36
42,44
11,59
10,23
4,43
66,19
85,82
93,95
15,95
60,19
63,93
36,3
19,39
22,47
7,52
52,96
51,77
55,30
52,26
91,97
7,34
19,11
39,9
85,54
7,20
52,30
17,21
99,12
76,70
25,34
52,46
29,14
65,72
89,52
51,86
69,34
76,57
13,58
44,49
72,48
88,50
64,20
19,35
99,21
94,54
48,23
78,13
43,24
72,2
96,83
3,30
74,18
99,40
93,93
78,89
55,32
88,48
68,30
36,24
40,76
77,19
13,33
8,87
77,24
60,70
88,94
83,83
52,84
43,25
59,93
1,82
69,56
95,79
85,79
42,79
22,28
27,72
9,5
99,52
12,72
14,64
31,17
28,13
79,92
33,92
96,6
89,51
40,23
17,16
54,19
61,15
10,6
68,88
57,23
39,6
43,26
72,20
67,9
97,29
92,26
97,4
29,18
17,2
13,95
13,37
17,92
33,99
33,81
82,46
88,46
15,67
23,8
97,26
77,16
43,59
75,49
73,85
87,30
62,81
41,84
68,15
84,13
12,23
5,50
85,49
32,69
38,85
17,39
72,57
9,56
36,29
4,26
55,89
65,89
25,43
64,4
2,49
62,58
43,68
88,64
25,58
58,13
9,9
76,40
63,74
49,74
42,21
49,26
55,44
41,43
51,93
51,44
24,14
44,100
5,84
22,89
6,81
64,69
67,30
72,64
56,13
37,85
88,83
8,43
29,5
70,86
56,59
48,90
67,19
14,6
47,53
52,71
79,44
6,68
57,13
65,16
92,17
61,11
18,75
45,73
46,56
68,5
55,73
24,88
72,7
46,40
61,45
47,45
96,27
23,96
77,40
70,79
12,18
41,35
47,21
26,47
57,54
55,29
42,92
10,35
72,24
37,16
19,8
18,66
99,82
37,37
70,1
67,75
15,41
27,39
23,16
33,33
22,7
93,97
77,93
27,2
92,74
89,5
72,86
27,42
71,25
27,10
27,70
84,41
1,100
59,45
24,49
67,80
13,15
88,44
53,92
4,78
46,32
97,63
35,25
65,59
47,55
69,93
46,16
73,37
88,92
70,64
81,57
66,68
64,52
57,73
13,17
35,72
66,42
28,15
35,88
29,96
71,95
75,52
70,10
1,44
58,99
91,5
98,70
82,85
69,50
76,20
39,38
94,64
4,67
92,2
84,97
94,92
5,10
31,91
1,70
70,97
66,69
69,3
10,97
37,34
79,46
81,24
69,45
13,25
15,20
73,100
81,75
99,32
62,83
50,31
59,67
49,98
93,71
21,48
60,50
54,44
41,81
32,5
23,85
39,11
21,73
56,42
13,63
4,38
38,75
92,54
83,2
26,71
75,84
62,2
54,12
28,87
52,55
85,43
38,54
44,28
100,1
63,100
44,90
46,43
2,70
18,53
97,57
28,70
97,11
23,31
95,87
5,22
33,51
37,35
84,3
66,25
75,31
50,55
92,20
55,27
61,92
19,92
15,70
91,82
40,84
76,79
92,5
68,35
51,25
25,81
82,50
14,77
1,76
65,12
49,46
61,64
66,51
89,2
56,99
95,89
72,12
29,91
34,50
56,18
85,12
7,19
100,48
8,58
23,30
68,90
9,64
65,81
37,23
67,71
29,37
43,51
82,64
77,99
19,78
35,63
75,80
12,98
88,13
36,63
63,5
14,66
34,10
16,37
60,60
79,9
19,47
73,80
50,50
11,4
56,34
2,29
23,47
63,59
36,52
79,33
75,67
35,16
50,74
84,52
73,23
73,48
17,11
88,34
47,84
36,43
75,33
31,2
61,77
44,25
57,30
77,56
94,96
85,83
91,9
64,48
92,44
81,28
53,64
81,25
18,51
28,56
62,71
5,14
55,97
63,97
35,12
74,61
39,94
33,87
61,26
21,1
90,58
41,80
78,16
4,50
58,15
5,74
80,95
33,38
19,53
24,81
88,57
71,88
23,100
51,9
20,44
91,42
67,37
86,8
4,70
92,13
74,86
5,98
94,91
30,56
83,51
71,32
23,78
27,60
78,49
85,74
9,25
56,32
24,71
69,11
33,52
43,92
2,96
47,3
14,60
58,77
30,36
37,90
6,7
67,33
93,75
53,20
91,12
7,80
34,60
69,15
76,45
67,98
40,18
15,8
20,43
14,12
59,82
14,55
68,98
61,2
27,49
97,88
94,57
66,79
15,23
9,67
57,43
40,34
80,51
79,95
62,25
49,1
5,70
94,14
60,47
39,46
10,19
37,4
92,18
49,8
99,24
80,61
46,49
63,18
87,80
99,38
73,45
15,9
75,69
75,38
46,96
97,22
18,27
77,20
90,29
1,86
66,76
27,7
89,39
72,92
27,23
76,48
40,9
63,19
7,17
96,4
45,32
100,88
47,81
93,9
34,48
1,91
68,42
51,88
45,26
100,51
68,8
72,38
1,1
28,63
95,58
59,61
56,56
77,64
34,26
79,60
32,18
73,62
25,95
43,22
72,70
92,21
62,76
72,15
64,33
71,31
91,38
100,22
40,28
50,96
60,82
2,54
88,71
34,92
33,7
19,80
13,36
28,39
31,58
37,100
85,44
11,48
90,68
79,28
27,58
35,51
66,84
28,8
90,34
57,86
72,54
31,52
69,54
32,70
15,58
90,4
27,1
99,63
30,12
69,16
55,21
58,70
26,20
71,5
78,75
62,26
60,95
74,28
49,3
36,55
31,97
61,59
93,28
51,34
92,25
17,23
52,57
62,11
92,86
91,65
12,43
72,52
7,73
29,47
15,73
78,41
84,59
62,29
32,64
89,66
92,51
3,92
9,21
27,14
8,75
80,69
44,55
76,18
53,34
70,56
46,3
80,58
98,2
23,41
85,5
37,44
51,35
100,39
67,79
42,97
35,46
41,17
5,33
57,52
82,58
58,85
16,15
65,35
94,33
47,70
83,16
76,92
6,2
18,47
7,61
4,7
5,40
35,79
82,71
53,37
77,3
70,38
57,28
25,27
93,98
32,63
22,83
39,60
68,18
10,88
59,84
36,37
19,44
54,11
91,21
89,35
14,4
5,16
56,92
18,42
90,53
76,74
70,36
45,72
95,31
59,44
39,82
31,68
96,81
23,69
31,30
90,20
60,89
92,1
75,71
84,80
47,7
87,60
38,86
29,69
19,95
46,74
35,6
72,94
41,61
95,46
30,73
65,9
54,50
80,19
6,40
98,40
11,85
32,56
33,26
40,95
1,18
14,13
83,10
12,94
53,16
66,66
41,60
45,92
79,98
27,47
69,42
75,88
26,28
34,5
10,95
68,40
68,47
53,95
28,46
27,30
38,13
36,100
50,51
79,31
65,22
42,48
23,36
15,92
74,69
87,32
43,43
7,14
82,82
79,34
79,15
100,10
97,32
75,45
25,11
10,75
15,22
41,86
40,82
34,28
90,64
5,60
54,34
29,90
95,33
40,49
65,100
42,50
80,70
85,67
65,52
24,27
11,84
24,23
23,82
35,44
9,42
94,49
76,60
15,86
47,37
33,29
38,48
35,15
37,32
89,77
41,94
34,43
73,30
99,62
8,11
49,83
39,23
57,92
69,21
41,56
51,75
11,61
92,100
93,43
48,36
30,37
22,11
32,40
78,17
81,36
83,74
26,53
52,86
82,25
37,28
53,26
47,4
13,6
12,100
71,43
12,9
79,84
38,14
57,46
15,100
79,59
36,14
12,88
34,25
79,77
61,71
29,99
46,12
73,52
86,39
6,92
23,60
69,94
21,60
54,18
55,56
40,36
68,71
33,13
50,16
2,9
16,55
6,55
59,57
6,6
22,1
17,33
91,69
50,14
22,46
47,68
23,42
47,30
63,1
75,60
20,26
93,41
91,75
4,79
77,15
11,20
6,70
74,21
51,92
95,7
9,32
7,27
55,13
3,63
3,43
91,24
73,63
12,90
29,35
51,85
81,31
68,13
77,94
3,84
100,46
88,89
33,59
64,94
81,97
70,2
87,61
82,88
23,35
21,21
68,34
100,24
39,83
68,84
56,5
43,70
27,57
76,16
36,82
7,30
97,59
40,30
60,9
34,77
14,8
35,78
69,61
56,17
13,92
23,2
11,11
86,100
57,47
45,7
81,15
68,72
58,47
85,48
36,35
16,13
38,23
77,4
51,84
61,62
75,72
33,3
98,6
92,98
8,71
90,46
62,96
48,86
11,33
63,36
67,47
26,86
23,77
81,3
23,80
88,29
25,56
93,92
25,91
83,11
89,23
35,49
27,62
24,26
97,75
78,88
64,29
5,57
60,69
38,77
71,36
15,17
66,99
48,100
80,9
2,50
62,8
25,64
100,18
8,70
4,41
98,76
100,69
51,41
62,16
33,58
45,54
54,2
71,80
43,95
64,80
96,42
23,56
18,24
95,23
54,89
42,82
92,46
4,21
3,96
61,69
71,76
11,41
6,47
48,48
52,93
9,75
40,70
65,15
42,58
64,37
1,64
26,61
99,16
73,26
21,4
53,4
95,66
35,83
32,14
9,8
28,86
95,70
51,42
47,71
59,85
20,95
20,78
4,61
48,59
69,77
50,15
66,71
82,93
62,44
5,87
78,29
77,6
83,92
56,46
28,45
95,50
51,74
57,74
84,100
29,4
90,76
35,34
51,48
60,22
41,44
74,46
20,15
80,21
95,60
85,15
5,99
78,72
49,82
44,74
93,61
74,8
51,11
60,43
4,76
85,41
74,40
78,1
26,15
63,61
84,88
85,39
16,70
25,41
12,53
68,78
92,84
20,87
22,78
93,12
7,64
57,22
82,60
70,4
49,27
21,83
57,59
24,99
23,13
20,58
73,98
92,89
11,43
30,38
80,39
14,22
62,74
6,86
41,58
32,57
6,17
53,71
35,29
45,85
13,27
26,35
14,31
33,9
51,78
59,54
12,15
94,73
43,33
96,43
33,48
74,12
52,53
54,96
33,4
