1000
0.8965732677 0.9381745548
0.2213208449 0.0686570033
0.3986266704 0.0442568528
0.4896181090 0.8308372680
0.3777887039 0.3062244772
0.8991003923 0.5352940172
0.9836045760 0.0865445280
0.4555567976 0.0780066225
0.1052818132 0.7815735190
0.0484236656 0.9524288950
0.0636042401 0.9601641800
0.5254505184 0.4220205801
0.0946028525 0.5336911656
0.4984691377 0.0821228554
0.4355604418 0.1462465370
0.9022686219 0.4496364570
0.5045920063 0.9434832838
0.6498689485 0.4543120415
0.8769558004 0.6295609748
0.0800239593 0.2220642368
0.5044153031 0.2538742865
0.2765745723 0.3385721914
0.8983851280 0.4827222693
0.7543113691 0.8605313723
0.8032590955 0.2058020947
0.4522950511 0.7022723082
0.2232317416 0.2033878659
0.4531224370 0.6670644531
0.5340896019 0.2572819129
0.3554144348 0.3152737172
0.8108617302 0.5271020459
0.7668419679 0.0656448869
0.4328836169 0.2331950732
0.9562942371 0.4113310274
0.4897425816 0.6884435833
0.3063332291 0.8988938780
0.5047365653 0.5034592364
0.8408676594 0.5663506478
0.5168924689 0.3531326090
0.7680175453 0.8654439178
0.6182544341 0.0372361707
0.6744313683 0.7036638282
0.6300661308 0.6937533737
0.7348548493 0.1331520942
0.7196354505 0.9308334925
0.0595413501 0.3864698114
0.4090840279 0.3317488262
0.0921314323 0.4133123366
0.6078480486 0.2569562832
0.7919190806 0.8076058468
0.0127107447 0.1183436017
0.1869609692 0.0310222099
0.4623113271 0.3329652590
0.7682739899 0.1367999451
0.6074888947 0.9770513309
0.1104053235 0.7768608002
0.5644840418 0.7557974884
0.0499489762 0.1355629827
0.0549349546 0.2804227062
0.7311209457 0.5750338787
0.9047687462 0.8012058503
0.8362947293 0.1998760705
0.6735030818 0.4836906262
0.3594378394 0.2531427305
0.6161369065 0.0349737416
0.3516792707 0.2408296265
0.1417232896 0.9879683564
0.1707763961 0.9487324856
0.4258816262 0.2337610707
0.9000392223 0.0633703725
0.8589201329 0.4556574215
0.7673092725 0.9377767914
0.5669039949 0.9632377103
0.5908785307 0.1533124766
0.3299183425 0.0507208753
0.5067739619 0.9202545533
0.8399393900 0.4111611540
0.4906214531 0.0327691143
0.3901413179 0.3264790018
0.4773424820 0.0479753070
0.7681299161 0.3230538128
0.2032256717 0.5941606939
0.3375091167 0.7335828014
0.2474545518 0.2298094186
0.0353493796 0.1381370453
0.1339619165 0.0729559652
0.2875419919 0.9708221874
0.7695202268 0.4994791469
0.6496868857 0.6731776041
0.9402663907 0.5693022949
0.3180756018 0.6514249128
0.0663986397 0.4810672329
0.5234954329 0.9519028700
0.9235721012 0.2787014095
0.2199944416 0.0075022800
0.5795586162 0.2373987613
0.4114116000 0.0276413821
0.3660256051 0.8418867183
0.9203895861 0.6052983446
0.3078278780 0.0364530849
0.3977528412 0.8968445375
0.0659950887 0.4740585690
0.8945467919 0.2938983326
0.1156368057 0.8209615348
0.3746982553 0.8511460207
0.5762763109 0.7836337644
0.1331717419 0.8600529892
0.8396629890 0.4163475058
0.2026595141 0.8656148877
0.8989025154 0.4406652242
0.4812581157 0.1117747337
0.0727830493 0.7621652587
0.4942477646 0.8708590377
0.6404645822 0.1050886779
0.4150050073 0.3633621548
0.7542377935 0.7021931120
0.2132432572 0.0066347497
0.8818477537 0.2749519382
0.5731900224 0.5445089198
0.9449169066 0.1183380877
0.5299733131 0.2046189808
0.2662909297 0.9647835743
0.6094040774 0.4061534613
0.4166696811 0.4435075418
0.6245055400 0.6980005139
0.0596752776 0.3742567501
0.1815542996 0.5457255232
0.9345477173 0.8386044801
0.3790620804 0.3055460318
0.1869477861 0.9573050238
0.1450412958 0.2244460548
0.3608861425 0.5688026624
0.1510613316 0.5877978242
0.4985864567 0.5518457482
0.2660168846 0.1993365137
0.9601293505 0.3642575924
0.0681933325 0.2230587953
0.7710133353 0.4802679198
0.0211287152 0.0425939242
0.5333076847 0.8004100265
0.5369352188 0.2008215456
0.1948613549 0.7808401984
0.3001580092 0.6709878341
0.2610712053 0.9830377770
0.9059126502 0.6802974254
0.3550016027 0.9801956837
0.0779564545 0.0579356421
0.3841868980 0.0732125255
0.4755138740 0.6117019853
0.9562369880 0.0670496855
0.3720888073 0.3509121948
0.1004054125 0.4373174597
0.2951623928 0.4679530102
0.7985686805 0.5773065153
0.0525872540 0.8668502664
0.3066038302 0.4572823364
0.4396545981 0.6844373757
0.7559416299 0.9507117360
0.3202238279 0.6881879745
0.0651103619 0.2861921205
0.7059685671 0.6545030869
0.7623752892 0.5692061293
0.9197072531 0.8322194131
0.9231176324 0.0844251691
0.9219503020 0.3783325500
0.0593857130 0.1371374828
0.4042101158 0.2164046663
0.4640904006 0.5214777429
0.3082837523 0.1128535486
0.2086056520 0.3134865965
0.0176331599 0.8922957735
0.7200743486 0.5786305847
0.5851506222 0.6203439693
0.6235084784 0.7562636932
0.0110123758 0.2707343122
0.3238118426 0.9376142186
0.7649864756 0.8633867401
0.6241424529 0.9892314772
0.4594755831 0.3109776974
0.5295711101 0.4904288230
0.8227392674 0.2438309580
0.2687813540 0.7511110465
0.8961544514 0.8964093189
0.4815951635 0.7554753238
0.6850365979 0.7334157680
0.4663981370 0.7374271346
0.3294585182 0.8694901317
0.3590764291 0.2351536404
0.2296677367 0.4937130662
0.1238672773 0.8951485667
0.4601170066 0.4486064839
0.2765636119 0.0000846218
0.2367871515 0.8330451487
0.3318025780 0.6802804887
0.1643952485 0.9994717894
0.0687068835 0.0351115382
0.4832451356 0.5980339093
0.8429364172 0.9385644392
0.5598914772 0.3837372561
0.3382477515 0.1322378784
0.4214524105 0.3474375504
0.3469467448 0.3194427417
0.2203204459 0.3574685389
0.3961598394 0.3656571957
0.1341844077 0.9059310748
0.2956380647 0.3834430264
0.3556902847 0.7421443245
0.9728466288 0.4340316395
0.5067320409 0.1454870230
0.2823827652 0.8131396634
0.0242784028 0.3408330691
0.8293027596 0.4051752037
0.8078046343 0.0920123719
0.2297288179 0.3878480298
0.6928133049 0.8222043373
0.6471448871 0.6482979816
0.1205917221 0.7048982471
0.8890803022 0.6322078329
0.7112677618 0.0450307749
0.8264183861 0.9889678978
0.3153897350 0.9271382678
0.4063569953 0.2988120745
0.5186705550 0.5458370241
0.0700863114 0.3719456316
0.5051998477 0.8536721672
0.9575390578 0.0950373511
0.6463421537 0.1623519475
0.8841064930 0.5670496574
0.1757033258 0.1156106521
0.7080033596 0.3142324242
0.8349611490 0.0154203436
0.3720035437 0.7032071847
0.4310205487 0.8279978514
0.5995575463 0.2814206582
0.8318674662 0.3220301860
0.9528416030 0.6658473039
0.0466599186 0.6987677576
0.7190779784 0.7736730154
0.6850085470 0.7621121395
0.8815041101 0.6427928275
0.2710630349 0.1465505573
0.2526581731 0.8253077183
0.5999350669 0.3717670240
0.7001872297 0.3538067703
0.5671522626 0.5249854692
0.2791734415 0.5780726966
0.6762519244 0.1855778951
0.0000126028 0.7489500079
0.7352870201 0.8011960845
0.9071685529 0.0864673529
0.0899313732 0.1006628371
0.1216661735 0.2109060649
0.1090349834 0.2860846549
0.5089742298 0.2383596519
0.5378939225 0.6851246992
0.6739691445 0.5464295668
0.7651645094 0.2641013619
0.0559590149 0.2010548826
0.0112637785 0.9035540548
0.9992871483 0.3020744308
0.9392644676 0.6201450189
0.8088224853 0.0529722983
0.2137046698 0.9822416536
0.9646842314 0.1893580701
0.0883978503 0.8112513373
0.8668364218 0.5110859919
0.1912426282 0.8867565340
0.7077276117 0.6545178592
0.2921951197 0.7807250069
0.3299398132 0.9142861584
0.9899818268 0.1345462371
0.2158496347 0.8780162740
0.9337940113 0.6623719973
0.0775942195 0.8728169316
0.4081195956 0.9152151626
0.8681729707 0.7389506657
0.8520315818 0.3724880249
0.4183055752 0.2439472223
0.1586671981 0.7411372917
0.3187056508 0.5295240889
0.4062950346 0.4372597939
0.1137187425 0.3440307368
0.0092822729 0.1010598632
0.3498117968 0.4547335380
0.1454374893 0.6532349632
0.5311911997 0.5571113141
0.7156193847 0.8393538451
0.5748645898 0.2024315574
0.0221648806 0.4285172310
0.9287517492 0.7502300197
0.8146049669 0.2335677073
0.1189875659 0.1189176769
0.3443003377 0.9023428401
0.1263509525 0.1555900228
0.5940426900 0.9929405996
0.6567905516 0.7752160776
0.9043323271 0.1906945893
0.0673091976 0.6297357637
0.8049558148 0.6505313259
0.4360064673 0.9591952158
0.9786526035 0.3556097962
0.0238688160 0.4499025028
0.9330724231 0.0716192590
0.1659353367 0.3786862068
0.1378904095 0.9458381991
0.4507563862 0.0576924391
0.0958601205 0.0510335338
0.8996014983 0.6107559555
0.0597491693 0.2065063715
0.7406616775 0.4102338840
0.8815162182 0.2220665203
0.2885307203 0.0822912332
0.7857517814 0.3054446870
0.3855391551 0.8489794327
0.6963198451 0.7496283112
0.8390528826 0.1170502448
0.1133009430 0.1738329549
0.2976386867 0.6462997008
0.4367518850 0.5302979189
0.0490369927 0.3343374035
0.0644605865 0.8088215321
0.2941714235 0.6400286202
0.5527895427 0.8719278944
0.5539645793 0.9344582356
0.6228647820 0.1357834118
0.9995170867 0.6161166766
0.8187812599 0.8754582493
0.6612475818 0.6561101111
0.1801603998 0.7778540437
0.6688791301 0.3495482975
0.3783084506 0.9915962077
0.9016972650 0.4408652978
0.3833895664 0.3304151525
0.6872939449 0.4636796921
0.8794404700 0.4750180030
0.4770501650 0.0899025919
0.3247185309 0.9881783499
0.7479001214 0.5181532694
0.7667886968 0.7087485848
0.7324574225 0.4481436907
0.2649186964 0.6225253788
0.9633744476 0.9855450484
0.0467663463 0.6213762180
0.0328437883 0.9009506399
0.3320065766 0.6567607633
0.4144405039 0.0269012079
0.0924599888 0.6697575178
0.6720425581 0.2185405134
0.8864486191 0.3369334281
0.8893563027 0.2263199894
0.3045191750 0.1098695246
0.6936124457 0.0332736968
0.4943371399 0.2458833657
0.8182872416 0.6947353618
0.6944703907 0.5284649936
0.7522430184 0.4849718954
0.6999438252 0.1581696244
0.6564704382 0.2030584440
0.7068615834 0.8581872895
0.3946547393 0.8194221992
0.0390568296 0.5835359261
0.2200769188 0.2548333119
0.8466434477 0.3488007984
0.3888997419 0.9752234229
0.9845078892 0.5965701665
0.7286778234 0.2585629976
0.9281938083 0.2171933738
0.9809699406 0.4441310767
0.7652955900 0.8002139329
0.5582207645 0.2098622420
0.0123914584 0.9488071709
0.2076183414 0.9400569095
0.2507109796 0.5207783896
0.9584227794 0.5435931882
0.3481451895 0.4731537055
0.6443001632 0.6618796864
0.3408721616 0.5821228991
0.2384859746 0.0661401956
0.8847851236 0.6860697973
0.2171395987 0.1852231780
0.5550734278 0.2566522272
0.1750422794 0.1279800016
0.1717217163 0.0413704220
0.9578289054 0.2683577041
0.7593559321 0.2407890814
0.6462332672 0.4467037289
0.7117792985 0.1845548554
0.8303658573 0.1073813963
0.2247055880 0.7525778980
0.7458317219 0.2406465722
0.0846101278 0.8512221550
0.0085357046 0.8258375870
0.4572847989 0.0990762025
0.8813106905 0.5832818480
0.4065951823 0.5028525205
0.2330441255 0.2339244391
0.4921040387 0.3111899274
0.6097668133 0.1385352770
0.9436380964 0.4226105115
0.1272072369 0.1424530814
0.5915396304 0.6936086474
0.2156036483 0.6871760742
0.9432584748 0.2438265803
0.6001050337 0.7667106099
0.5401040160 0.3874973631
0.2838817156 0.1044408852
0.0023906216 0.1338129074
0.7161044535 0.0053840344
0.9768746201 0.2936007380
0.7732411644 0.6990468379
0.5372941508 0.1056703021
0.6596582625 0.6297015670
0.4569879055 0.9534162075
0.3423035116 0.0737501311
0.1719827758 0.1807415819
0.6742861171 0.6679474438
0.1836041944 0.2360923019
0.9334585426 0.9176061198
0.1115771716 0.3743686783
0.1046440636 0.5205065062
0.6017503227 0.9287081479
0.8679428599 0.3900874482
0.8169886897 0.7276088595
0.9205885248 0.5905948277
0.2954458575 0.5775906630
0.9561160423 0.0072163015
0.5473395901 0.8575667890
0.3521412676 0.4658326074
0.8795191188 0.1783255775
0.3768409240 0.1898669758
0.5865266665 0.7489986825
0.5142614968 0.9358157122
0.8275196358 0.5621185684
0.3298740089 0.8843953085
0.2203338768 0.7598444394
0.1503312639 0.3808417671
0.4271328110 0.5761627508
0.7151725354 0.9157507724
0.7805007442 0.0633444814
0.8732606108 0.3169475435
0.3045034735 0.4056686560
0.3430241401 0.9832279923
0.3221525196 0.9993971227
0.5331184382 0.1324134455
0.2088742361 0.6352132749
0.4289056451 0.4590133760
0.7509983572 0.0578130912
0.5901956727 0.3008916439
0.9989450934 0.8970639633
0.3769770271 0.3996837295
0.4667038599 0.4661231084
0.6224067316 0.6063139193
0.0223604492 0.2041338534
0.1061169508 0.4308125263
0.8388442222 0.6045950652
0.3459355375 0.1647356063
0.3297299289 0.3152248277
0.4224059954 0.4148403953
0.0818440979 0.7211169016
0.7780325674 0.2782717236
0.4145888762 0.7302142776
0.1919638855 0.0623661450
0.3453106506 0.6686013190
0.4208689275 0.4062818229
0.4207054016 0.1628419915
0.3180470734 0.8970143154
0.0861657578 0.6375689014
0.5953538845 0.7889593358
0.0081396223 0.5887535215
0.7763127084 0.2340356263
0.0389839676 0.1065656935
0.3038218545 0.5084823030
0.3194615525 0.2164558902
0.2121553922 0.0827967700
0.3509421285 0.4830712964
0.2504955390 0.0228810624
0.7375342122 0.9788423659
0.8540230014 0.1333153408
0.6977871925 0.1575542072
0.8986309650 0.4577797586
0.3762676479 0.3929422794
0.7466176701 0.2369966564
0.4472281794 0.9433301746
0.6932509758 0.1911673326
0.4957505013 0.8855520529
0.5578883277 0.0417283608
0.1861589749 0.1248801970
0.8283733842 0.5163548759
0.2831652865 0.9324040901
0.4637209943 0.6914892266
0.1781176295 0.5872840637
0.1876399556 0.4182750162
0.6908936621 0.6085292463
0.8642331026 0.7506284285
0.5673889269 0.7494259838
0.3372525881 0.7482799578
0.2732176750 0.3974695478
0.9355779538 0.7629713398
0.3961562246 0.2736284329
0.7001227759 0.3325942224
0.2130237428 0.3569972300
0.2711658488 0.1059083093
0.7511088974 0.7743704731
0.2901407742 0.7995786042
0.9799151080 0.9889964298
0.1162078482 0.0496227321
0.6059114059 0.9987466989
0.6354705913 0.1609611525
0.3111392709 0.4111634871
0.9494885755 0.1816142242
0.1759407775 0.2013233382
0.7697772008 0.4321919415
0.4567367496 0.6781827224
0.4162742911 0.6066737707
0.8516980518 0.6860473578
0.4202920198 0.8270773739
0.8803170734 0.3500332793
0.8662624228 0.5824665930
0.0273005003 0.7378652431
0.7716230539 0.3118508152
0.8568686487 0.6550835635
0.0004789641 0.5008792390
0.3904605970 0.4167073830
0.4342160125 0.5538351936
0.6590084678 0.8456297100
0.3810296680 0.3752870801
0.4903581252 0.9364944402
0.4963723589 0.5498543839
0.2730780123 0.5935340788
0.8076117209 0.2438984594
0.6498114038 0.6018219423
0.7887309931 0.4695493178
0.8364916851 0.5236199379
0.8146918032 0.1493317719
0.5381544001 0.5249794223
0.7401192393 0.4987549880
0.2377437571 0.2324789959
0.7932568861 0.6045817132
0.9712252864 0.5959601725
0.4536801280 0.7180949243
0.5704804705 0.3903476062
0.4910440499 0.7055308209
0.7548733927 0.4281180675
0.8821813995 0.3019491071
0.3830431841 0.7737081067
0.8951556968 0.3001628652
0.6383903024 0.2521274966
0.2314131050 0.5729517086
0.9148889752 0.3262715845
0.7509659594 0.8746339983
0.6942715104 0.9809028995
0.9705798369 0.6971748016
0.7612950514 0.5959981351
0.2212252356 0.0663581958
0.6907149666 0.9181339241
0.0785938021 0.0551544163
0.6577529457 0.1458109727
0.4392683907 0.9642629213
0.2732626337 0.8330926018
0.4051749245 0.5739151677
0.3254589190 0.7856607811
0.9602334322 0.6063716162
0.0219914177 0.3743687455
0.2756645117 0.5551494839
0.5693070091 0.7235962385
0.3641966194 0.3348690851
0.7006596243 0.0451898108
0.7184584715 0.7847081871
0.0697905042 0.9834972151
0.5151303037 0.9188059130
0.2642151869 0.2129814620
0.9439663074 0.9585580173
0.5602184957 0.6871267951
0.2295898378 0.6045984947
0.4410720354 0.8758251488
0.9540024072 0.7103628737
0.3306535925 0.0481584945
0.3590356354 0.5044805242
0.9565608297 0.1584688864
0.4105155784 0.7758449075
0.2499771189 0.1758346387
0.5396968019 0.9830624588
0.7139600321 0.7605474900
0.1425633528 0.0790814574
0.7474879580 0.0359125205
0.1138826025 0.9521552560
0.4995141300 0.8296685844
0.9204369904 0.7758943742
0.4454412962 0.1665543211
0.9766477207 0.2340144183
0.0278445898 0.9820205273
0.3758437431 0.5394879836
0.3839337066 0.9968171262
0.3517179963 0.4031605893
0.3941603905 0.4431585900
0.1970524944 0.6234915719
0.0295404473 0.8653992658
0.7505824855 0.7669333535
0.2496739917 0.5316255563
0.9779089547 0.4875632180
0.5091117174 0.0872993760
0.6186584056 0.3949338984
0.2666290578 0.9580631940
0.3496267916 0.0207105939
0.7601336497 0.6660441212
0.4224350072 0.3575132699
0.7093464996 0.6624704709
0.2742608497 0.6474855956
0.5390605068 0.4991411908
0.1815027801 0.5834621852
0.1776944777 0.1622651848
0.6287688322 0.8522085686
0.4790245398 0.1744135465
0.6993740139 0.9970588613
0.8393893387 0.6338050359
0.4585675050 0.9063786082
0.6383291613 0.7048711993
0.9970012911 0.8446308729
0.7175330302 0.2000242374
0.5294898140 0.8344261842
0.2311324524 0.7997771243
0.7028998810 0.3707875797
0.8497938713 0.1468424754
0.0570491791 0.9029643102
0.4817265883 0.5195628257
0.4037803507 0.2544790121
0.3856364394 0.0410016056
0.7419171256 0.1686943938
0.7938198507 0.4122506903
0.2095978177 0.4650378809
0.9380070988 0.9719872487
0.4905205525 0.8701232343
0.6762271791 0.4790386179
0.0369238390 0.4483605915
0.7558813436 0.3906909320
0.4496648652 0.6982472670
0.1163758893 0.5667037014
0.3645473391 0.8033837145
0.5340792632 0.2674690825
0.2340892659 0.2313603056
0.3430323863 0.0344808722
0.4652107577 0.8590122004
0.9267551608 0.5422555109
0.4758603616 0.0691412003
0.1696563877 0.7930729906
0.3673878566 0.8116552935
0.0809679410 0.0893831610
0.0745105535 0.4511772995
0.3597888641 0.0634484693
0.0510089881 0.3335268855
0.7567381525 0.6697716537
0.7768270637 0.3950804523
0.7058799078 0.4530827534
0.6310407027 0.8118660631
0.8499981471 0.5931367948
0.9651983374 0.6393513432
0.7629627150 0.1972999305
0.5328253261 0.6292343449
0.3848416955 0.0628783286
0.7834236402 0.9261487256
0.4285801806 0.6633707282
0.9130872293 0.1450459943
0.2914788572 0.4263021452
0.9788923874 0.4091196780
0.8103700025 0.4650228658
0.8305117704 0.2884871969
0.5363029899 0.8028331263
0.0900393437 0.2214471178
0.0727148016 0.7850206974
0.9198032516 0.9229810169
0.4204756281 0.8128752172
0.8579818827 0.4892708217
0.2038634742 0.7534694627
0.5731281471 0.3923536609
0.1134357507 0.3799743507
0.9912456592 0.3256383576
0.8949299629 0.9795012417
0.8828497577 0.9088588968
0.7377396229 0.8289412210
0.6624850242 0.5901418590
0.9721756550 0.5839983517
0.8494607948 0.6932164765
0.5716373965 0.7525894658
0.3661040982 0.4493972610
0.0739817814 0.3310106217
0.6086197575 0.0268211033
0.1857928239 0.3697460539
0.0156851818 0.0235219530
0.5139180468 0.7055227662
0.6811977046 0.6262779366
0.5805522953 0.3471897418
0.4101303665 0.6537673089
0.5213135888 0.0352280767
0.5002415145 0.0004211207
0.6401694399 0.3081740907
0.4474229589 0.5764621774
0.3007366976 0.0039648258
0.7187597950 0.6999713384
0.4703914337 0.5001911834
0.7149146620 0.0384237122
0.6017895504 0.1544712802
0.0522379622 0.6199889588
0.4358135921 0.3446322430
0.3350448370 0.1389916453
0.7406239528 0.2281161287
0.6597884182 0.7652786221
0.9634081275 0.8410016414
0.1953983626 0.9338425105
0.2645846921 0.4392600192
0.3178423700 0.1389019141
0.4286334183 0.0483401939
0.9420078265 0.5857397499
0.7013864556 0.0319046912
0.8902892552 0.6639541443
0.6905302307 0.1165142820
0.3648068725 0.5973761272
0.0842308686 0.7162861944
0.8489702820 0.2987615145
0.0922110369 0.5900269605
0.0541404587 0.4114647613
0.1942694337 0.8330678982
0.8484322182 0.7556549230
0.9931484011 0.9570072096
0.4572386652 0.9132348835
0.7118192598 0.3427900582
0.6088476467 0.4834768042
0.1496692278 0.6660337062
0.7135600079 0.6204886092
0.7177371920 0.9882319347
0.6110079055 0.8239769718
0.5100606247 0.0834493565
0.8979107240 0.5963750891
0.2363590161 0.2273426853
0.3572952634 0.5022539171
0.2406939744 0.1138227175
0.5502460552 0.3700380081
0.7614099050 0.7843974225
0.2025400650 0.8613978825
0.0495731854 0.4562126919
0.6210601040 0.4002931506
0.9562921346 0.9170346205
0.0086695394 0.5014916765
0.1237135718 0.7188927197
0.2112701330 0.8674917073
0.9701566451 0.7468311200
0.1270543700 0.2331257655
0.2467576399 0.8651905925
0.7355018469 0.8287260934
0.0611645284 0.2510709533
0.4624592357 0.5055837221
0.9132336860 0.7131004018
0.3876817555 0.0215341288
0.4683446371 0.7633642156
0.6225035475 0.7198543481
0.5058641181 0.4613225025
0.0378430030 0.8512581301
0.7234535957 0.0807724660
0.4065387920 0.0866267383
0.8523288756 0.4643881902
0.9390506643 0.3472150712
0.8442447327 0.5250965042
0.1378486101 0.9394243725
0.7278910315 0.7295248597
0.8733530798 0.1228337320
0.1005516381 0.5559831473
0.5930777294 0.6630348814
0.1202903019 0.8579183227
0.6156652666 0.6249158594
0.2945932159 0.7835070538
0.5327964396 0.6473911504
0.3233108239 0.4030282369
0.8444906429 0.2071766891
0.7469059436 0.4778838855
0.0871062445 0.9270606358
0.1754296792 0.8686130803
0.8783874375 0.8132216955
0.4293099179 0.9239710684
0.5001935799 0.4164985668
0.0099520109 0.8191207931
0.8670860901 0.3041156410
0.9363148382 0.2182124220
0.9877372254 0.9012217803
0.1330394718 0.8251013645
0.3161634842 0.7157001129
0.2363722605 0.3556829115
0.7110762610 0.1950590772
0.8960376194 0.2162978071
0.0741808909 0.9808157616
0.3943800732 0.7048896483
0.1220443531 0.1236345891
0.6785093174 0.8650714179
0.1611913264 0.9015858394
0.7068459663 0.2179855668
0.1823767667 0.2442401672
0.3483796325 0.4728177885
0.0675228498 0.4069166617
0.9411155101 0.9740519698
0.2115965660 0.4622533965
0.0155988457 0.0820299344
0.4017440321 0.3803718837
0.6200717426 0.9031061236
0.3672858708 0.9542569710
0.1457299540 0.7866644471
0.0167177603 0.5935765483
0.5437119618 0.7884901473
0.0116487592 0.0580163223
0.3498664847 0.8634672835
0.9926496132 0.5303068664
0.9890083486 0.8952976845
0.4682717494 0.0394710983
0.4172873928 0.7969151811
0.1060372480 0.1364227670
0.2794584058 0.8224941753
0.9229886076 0.8968972849
0.4072547671 0.9204290789
0.6634268503 0.7807984995
0.6657318008 0.4263874184
0.4727549620 0.6123958140
0.8663610479 0.6465157509
0.8288829132 0.9624084070
0.7088193243 0.9131044737
0.5764398477 0.5108642214
0.4878317136 0.5084939357
0.8240777193 0.5487234602
0.6070909307 0.4477309598
0.4114397609 0.6366073817
0.7791898477 0.4864611740
0.6299066638 0.5805752740
0.1586683268 0.8777695051
0.8900216984 0.3077436545
0.5546886565 0.3401575430
0.0685357274 0.9286434878
0.3005191269 0.4185729689
0.3393016472 0.2585627293
0.3189184446 0.9213828345
0.3947873172 0.3367230752
0.4156781231 0.3984093609
0.0987644272 0.0299913614
0.8579940363 0.6886229096
0.7757707326 0.6369276205
0.8500024137 0.4108139788
0.5392312249 0.5183232798
0.6047291896 0.8965419941
0.2876634973 0.1719848524
0.3298665550 0.4718857745
0.2571813536 0.8423694651
0.5942037573 0.1829968796
0.3085498810 0.7097808055
0.2222036392 0.0301834921
0.4483341092 0.9391851180
0.0761305521 0.5262293074
0.4362227110 0.3853086576
0.8282991123 0.9268783559
0.7143970720 0.5485295819
0.1004275011 0.7948929565
0.3098549078 0.4551787227
0.1527430312 0.6538193354
0.8068873701 0.4962153382
0.6424016934 0.3635709181
0.9644467640 0.8998455509
0.8389474642 0.5071670596
0.0619317403 0.4365024371
0.0839515411 0.5164403671
0.5969555271 0.1587087880
0.2126349801 0.4842532332
0.5299519862 0.4636946673
0.1171932327 0.6117403964
0.8730132530 0.5332436770
0.6247044587 0.0213209046
0.0541418698 0.2530935215
0.3869176768 0.2296992543
0.1531392896 0.0433175802
0.5348809821 0.9198027141
0.8016417444 0.6414663885
0.4382843901 0.7765773458
0.2673536042 0.7718488430
0.0275551671 0.0587928668
0.0013172115 0.8071851558
0.7861583719 0.2674822748
0.7170974239 0.9829642664
0.7012190476 0.7413691323
0.8920481339 0.4601914066
0.1724963070 0.2606119402
0.4333670251 0.5488111442
0.1229042934 0.7724212629
0.1354339200 0.7019446863
0.3281883256 0.1655823544
0.4699672361 0.4701805418
0.2890290758 0.6156420511
0.1968218069 0.4655096876
0.8057615950 0.3984958782
0.2607909290 0.5260978394
0.7840599111 0.2273370826
0.4485639921 0.6959390884
0.6993520384 0.1064067292
0.3200304481 0.3375366282
0.5783946949 0.4147098160
0.9994100328 0.6811078413
0.3183502106 0.4338395057
0.5142275691 0.3804126456
0.6568732070 0.8162777682
0.5039408948 0.1931555813
0.1311279007 0.5540172651
0.2850680343 0.7330135766
0.9193212619 0.8520764456
0.4559505097 0.3506930020
0.5452514694 0.9374553098
0.4518268928 0.5930211328
0.0445347767 0.2413071355
0.7196815710 0.3619287406
0.3405882908 0.5805769265
0.4723711609 0.8492818532
0.2591101495 0.9350846670
0.3028214239 0.5588729426
0.8217124757 0.1670074490
0.2916255912 0.2434824056
0.2025269120 0.5619416829
0.6251645457 0.3827736816
0.0060161216 0.3842025999
0.1564083858 0.9068861844
0.3298892227 0.7337453285
0.7868477626 0.2309425165
0.4139325714 0.8680677726
0.0255425319 0.3072870477
0.5437322158 0.8096829825
0.5900644249 0.3251255768
0.2776774556 0.4982241257
0.4541493179 0.8913365813
0.9962996309 0.9659729276
0.3181638579 0.0115762138
0.2349143060 0.0165779506
0.0810303426 0.9574012931
0.2536986863 0.6689564291
0.5260424356 0.1529855118
0.8237505391 0.1918495499
0.0980440754 0.5441056674
0.2633388660 0.8992274856
0.3457321562 0.5224270748
0.3454704249 0.0027177958
0.3303832588 0.3697175664
0.8160605779 0.7244562496
0.0610934919 0.3594722583
0.9114109499 0.5622366899
0.8066595316 0.1075322302
0.4443599562 0.0685626874
0.9555182778 0.4986318069
0.7403872000 0.7561800834
0.9477013014 0.5324109799
0.9481160579 0.7748966183
0.6865492881 0.7302807439
0.0230730886 0.8179709339
0.7529713891 0.3236310477
0.9892269852 0.3110801440
0.6913223606 0.3042221554
0.9197440627 0.3128513089
0.6135104942 0.5592024831
0.4465606709 0.7131692254
0.3767377537 0.7360464971
0.5077878590 0.2539492209
0.6303127439 0.1868089520
0.4726269862 0.6167900539
0.0982665316 0.3264425516
0.7453894288 0.3228988999
0.5670396800 0.0065279102
0.4433773302 0.4729069809
0.1812986986 0.0536162990
0.7677966618 0.4176703430
0.8159788199 0.9504871384
0.2425377735 0.2958779880
0.4889387955 0.7489739406
0.0825726927 0.0002646932
0.0061531681 0.6946134558
0.5718823551 0.5414539490
0.2901557767 0.7162253010
0.4802415177 0.9669315484
0.1324878515 0.8876297873
0.2288523578 0.9623780730
0.4321929921 0.2040639751
0.7267326667 0.0135644932
0.3349400397 0.5324573920
0.5429280509 0.5392416262
0.0711446391 0.3925802594
0.3540316380 0.7189311684
0.7064985234 0.3051787513
0.4121593430 0.8342522533
0.4646051408 0.8035633598
0.1154420847 0.8183940010
0.7589593295 0.8467179891
0.6312611106 0.3655713158
0.5802973461 0.2948489690
0.9218660505 0.3907778275
0.4253832308 0.3123947194
0.4526798481 0.8498759517
0.5245860322 0.0488684727
0.3255085068 0.9310410020
0.7281417757 0.7145077083
0.5720377234 0.4108029499
0.0447830281 0.2155560961
0.8674125381 0.5314056188
0.4914579564 0.8431045366
