2000
0.9794827682 0.4509158636
0.3645167998 0.5725009479
0.6493381260 0.1102087305
0.1451580729 0.3030650542
0.7297883071 0.3645632204
0.5719813144 0.5124026637
0.9067563310 0.9679387287
0.9341863546 0.5730086664
0.3695698527 0.4411204487
0.4145532983 0.0359168112
0.7600824444 0.1673948927
0.2521453136 0.9212380559
0.6448519258 0.4350876810
0.2928298872 0.5445656113
0.0721735990 0.6188884174
0.4078733888 0.7591601281
0.1829933712 0.9506771066
0.9337158483 0.6432422294
0.0332018049 0.6206051293
0.2401341578 0.3423841491
0.7545368047 0.2704729171
0.7693535152 0.9889055526
0.9322995154 0.2939857131
0.4052683381 0.3633436524
0.6103142200 0.7422578996
0.8297859098 0.2374806389
0.6470395817 0.0479751041
0.6024068356 0.1440768389
0.2414655231 0.2279126598
0.0595088279 0.6553707556
0.3234060613 0.7010480514
0.7714010730 0.1205720998
0.1600255914 0.3682938444
0.2180684872 0.2119877648
0.9689118905 0.1399167703
0.5486268630 0.5600845626
0.5477366356 0.6679978009
0.7748606861 0.2197066903
0.9315198324 0.6438269197
0.5158180974 0.7028302367
0.8707418400 0.6539154997
0.4582879616 0.8376507101
0.4870228529 0.2533481887
0.0270863914 0.7694637120
0.8078165152 0.6114853426
0.3694309526 0.0057132667
0.0075403444 0.8125658710
0.6492830938 0.5257458744
0.0897932979 0.6525499746
0.8203900191 0.6252229786
0.4337861017 0.5635794482
0.5008597656 0.3458078530
0.0978373423 0.1187232959
0.3074537193 0.0526580252
0.0237647622 0.4222145848
0.0243835168 0.9654172677
0.3182276707 0.5741740542
0.2792499622 0.2228160661
0.6005525632 0.3138548610
0.9778633402 0.3666533129
0.0013015752 0.8917320863
0.6100365950 0.9678458693
0.7718188502 0.1982992208
0.6800436441 0.4853967374
0.6222173520 0.1862236564
0.9382871465 0.3485471346
0.8437445708 0.6625515892
0.7948215206 0.6830409216
0.9911925200 0.5989420273
0.2807284037 0.0643446766
0.4019940030 0.2104490144
0.1899436149 0.1738305827
0.1108732001 0.1871594952
0.5819858170 0.2583429423
0.7823960016 0.6280342174
0.6551391228 0.8492339710
0.1284911444 0.4225871969
0.1099930486 0.2838676155
0.9039907822 0.0535791937
0.5148450165 0.1907552173
0.9804645756 0.0526889711
0.8573220230 0.2489000802
0.1870989374 0.6311658464
0.4206798962 0.2125925961
0.5770991697 0.3287553819
0.3585895779 0.4048113114
0.5290684868 0.8767300352
0.8588224724 0.6255495660
0.6250454090 0.8546443872
0.5840969787 0.6958013592
0.5603564396 0.1354752670
0.1574513218 0.6636041814
0.4351684514 0.5600945146
0.8198586546 0.0354504944
0.6536011267 0.7595622402
0.0294016597 0.2645436988
0.3134868722 0.5525173476
0.6941763978 0.1267886237
0.4083414899 0.8849805204
0.9351957822 0.5460702180
0.3828365483 0.8511750430
0.7609150786 0.8922888089
0.5840395338 0.9365085986
0.8016033876 0.7687837713
0.9329158712 0.2576494366
0.2996364221 0.8301916118
0.7040623426 0.2396685845
0.8808877235 0.2274492312
0.6463685655 0.8665089277
0.2427467885 0.8635659272
0.8032797714 0.3685817664
0.7858941943 0.7619530534
0.2985602473 0.9700792150
0.3898155254 0.4985132266
0.0419340584 0.1086313262
0.9861373524 0.8293561440
0.7787053053 0.3612245430
0.3192198853 0.3579208389
0.1584378163 0.1628383882
0.3000428713 0.3284494276
0.5299998434 0.2880452132
0.6572727868 0.4071709430
0.9837562857 0.9808578037
0.1685003706 0.6182177405
0.7564175128 0.5643980396
0.6149900156 0.4382113996
0.4900304786 0.3394995728
0.7448835655 0.4216190063
0.9938239817 0.5901455849
0.9526524223 0.6283945371
0.0960972231 0.5536827163
0.0866940507 0.5560844011
0.8930665788 0.2850408805
0.7823201063 0.2404902948
0.2025625054 0.4467273269
0.9839848092 0.6821460241
0.3126952683 0.1901535481
0.8684544340 0.7802800105
0.1790840532 0.4588912032
0.2097196172 0.5115982216
0.0689712773 0.2407436303
0.3368040998 0.1781369640
0.2765200413 0.5230575640
0.2272250522 0.1665989389
0.9408194954 0.9644895028
0.9517117541 0.8109998966
0.1865993190 0.5864797005
0.6398907012 0.6311171651
0.7773809906 0.1089760208
0.3719971758 0.4311460293
0.2217702575 0.9074891323
0.9182743609 0.4861328832
0.8058219015 0.9523491137
0.0455734033 0.3181695378
0.3378838013 0.5060732818
0.1897682484 0.3699956722
0.4870549243 0.8010432563
0.6529520620 0.2205718347
0.4723673235 0.3972292090
0.1259823373 0.8553482778
0.5170296026 0.4284877570
0.2597940248 0.9033699545
0.9205455030 0.4859991613
0.2130015169 0.6840213637
0.8212477795 0.4586985200
0.5886617575 0.3681292944
0.7227644129 0.2530949060
0.9396722484 0.5513057081
0.6401603374 0.9486611415
0.0701296110 0.0618267589
0.2849749705 0.6100163223
0.6890754532 0.8810080974
0.0531015942 0.6734118245
0.5834082711 0.6409509572
0.7054322749 0.5525711248
0.3683415541 0.2826971110
0.5384174578 0.8677223076
0.0466395614 0.1072452573
0.5301667807 0.4917015915
0.0619642021 0.6325452072
0.4174438039 0.4282950336
0.2670179050 0.3815003351
0.9098838260 0.3905247110
0.2437685875 0.9691731192
0.2799910839 0.8303747866
0.7108948437 0.6318020911
0.3809474111 0.0864918843
0.3326909661 0.6459030655
0.7389916041 0.2626831540
0.1040225099 0.9226415365
0.7431050530 0.4275747234
0.6275254090 0.4308267630
0.1119656693 0.7345819732
0.0220926058 0.0012927364
0.7566091853 0.1013826261
0.9057940281 0.4960947989
0.8769626081 0.1593719175
0.8817271362 0.2878650013
0.6313921606 0.2861190938
0.2218970808 0.4878332827
0.0006336104 0.6676328229
0.9920768304 0.3854356476
0.5309505270 0.5022824950
0.6896990932 0.1180943270
0.4860915822 0.6545115131
0.5771839692 0.6766696434
0.5635950300 0.2940175936
0.2847071307 0.9702463741
0.7382153269 0.3148638372
0.9292653965 0.8233323193
0.9837226477 0.6190244740
0.9509978539 0.4592106736
0.5940535661 0.6701567596
0.1030723927 0.2351012149
0.5757668173 0.0759307145
0.5480491087 0.1379504250
0.1159854002 0.3410371492
0.8114833029 0.8240838129
0.4434821846 0.3480330604
0.4226327559 0.7916183478
0.4952933239 0.5694732189
0.4324854105 0.6114467799
0.6772199230 0.4923152447
0.6409246751 0.0107693638
0.6638051085 0.2443749871
0.2877021788 0.0025634553
0.6218502727 0.9526476961
0.1659881944 0.1850443254
0.4612608069 0.9345999436
0.6026222115 0.7970856186
0.7179880720 0.4260757720
0.5157876471 0.1087313797
0.4560610656 0.1832503429
0.8086860458 0.2503457780
0.1391778794 0.9611025778
0.6868876290 0.6396108467
0.7670530829 0.5671681360
0.0973871377 0.7524963296
0.6976948081 0.9168726008
0.3789946370 0.1024901511
0.4840103148 0.2755339432
0.3865433082 0.9417917486
0.7416172611 0.6621625995
0.8054973377 0.3788348439
0.5344624100 0.2114762619
0.1088947358 0.3184201102
0.0158280554 0.1430857601
0.6251615001 0.8739021984
0.0945314078 0.8705972923
0.4831849940 0.6752901528
0.7095997864 0.6984155844
0.7801361032 0.8027833803
0.8914305388 0.5003213141
0.1778811522 0.9121802941
0.1634211534 0.7514355132
0.2754264778 0.4867605812
0.9952819387 0.2939722554
0.5276893133 0.0496554469
0.9577199997 0.2572208294
0.1849913315 0.6013854192
0.9479093829 0.6234864126
0.7130218052 0.5091583500
0.3561398695 0.0342588557
0.4196192549 0.5676847054
0.3262623459 0.5646666691
0.5625723047 0.9756815086
0.3260258144 0.3593137585
0.0417413998 0.5278999031
0.0881277980 0.2188845386
0.8891551475 0.4094257358
0.6087759601 0.4544424106
0.1623364591 0.5971665487
0.2977857226 0.5851361641
0.5189649320 0.0228520221
0.5627151544 0.7450670094
0.7050841231 0.3325399254
0.0792647452 0.9863586052
0.4244129443 0.2895324513
0.7511466786 0.0180115491
0.5729233430 0.6107730115
0.8948541776 0.3039125230
0.6206963288 0.3012068647
0.4982386498 0.8584075390
0.0021716453 0.3562533301
0.4965285768 0.5241377967
0.7362565522 0.0394513880
0.8854008031 0.9943757753
0.1393617140 0.8105045660
0.1479412051 0.3508879805
0.4172832113 0.3783648009
0.9108087081 0.4283902214
0.1259515079 0.2846594490
0.9646426323 0.8879500801
0.9764195494 0.8846793912
0.7847307143 0.4842302770
0.2260641514 0.5863101359
0.4701805009 0.6452559106
0.9458257799 0.7317024163
0.5833148028 0.1484275701
0.7824139194 0.5621421188
0.7157371355 0.3727910150
0.4447566659 0.2934941795
0.7334908450 0.3351138149
0.0355743971 0.4477582744
0.5609608310 0.4761077842
0.5218095369 0.2356893738
0.0516450025 0.9531756236
0.0917453367 0.9660989391
0.9636472830 0.0173487659
0.8819988400 0.1693677083
0.3087223286 0.9046228518
0.5741740921 0.3658645423
0.3759273481 0.5556863488
0.6588137273 0.1843798946
0.5444137484 0.3930763585
0.7433883070 0.8413468102
0.5946175139 0.3310854427
0.1414146652 0.8285358074
0.6030839143 0.1712819014
0.1213956734 0.0250750799
0.6633889749 0.5452949756
0.6171256801 0.3490603673
0.6140958867 0.6065559676
0.9050074723 0.4946836532
0.6744121504 0.7439746725
0.7393779634 0.2627239656
0.3891891115 0.6930701026
0.7034416154 0.4854066637
0.5671322046 0.5538634359
0.0812616833 0.5710533321
0.9595669500 0.3898797848
0.3853619537 0.2496065580
0.2718323384 0.2788953372
0.7848417028 0.1870293735
0.7253496311 0.9136041914
0.0705098017 0.7547426570
0.7956409995 0.1091697420
0.4663939241 0.3896777860
0.9400496625 0.8646631791
0.5510838839 0.6611858455
0.0986389864 0.9466816453
0.7877180880 0.3729593370
0.5027249661 0.3159774754
0.6780252723 0.7712855656
0.8577230758 0.1017184167
0.3536837235 0.2053654900
0.2804668291 0.2430387383
0.4973631846 0.3910957667
0.4658821841 0.3638294596
0.8461649648 0.7666258304
0.4338784031 0.9242552654
0.1717781455 0.2961655467
0.8645423465 0.2012747819
0.5545210746 0.4779337474
0.4682002256 0.1904799126
0.9725387161 0.2428011751
0.0566368114 0.0928587954
0.7127784111 0.8920962558
0.9827390694 0.6526264731
0.8769678399 0.2162054035
0.3980576021 0.2460557518
0.3036704167 0.4600144071
0.3412560053 0.2862805765
0.5565954930 0.8569005983
0.0151444048 0.2053326930
0.2396916882 0.0399006254
0.7359704697 0.0022115026
0.7911533977 0.7568416829
0.9458675719 0.1045766889
0.0813225480 0.9656389507
0.3678361227 0.0816911542
0.5935683463 0.5666254314
0.8523611249 0.5675321275
0.7025802442 0.7406948153
0.7157450298 0.6055263375
0.5811103164 0.1052020637
0.4024620596 0.5101546156
0.5640529980 0.6739800877
0.1173162283 0.2557107524
0.3778516518 0.9134955438
0.6679122785 0.3487875156
0.5035732409 0.0240802286
0.1339250542 0.1186028470
0.0835934213 0.9433389981
0.1368794300 0.3680676234
0.2046864045 0.4682493148
0.4226295663 0.3685357387
0.0944154456 0.3231310095
0.1884527933 0.2524660666
0.7530710737 0.9625794992
0.0876499149 0.9607655268
0.8100060391 0.3916196285
0.1267704229 0.0353705622
0.9410673805 0.3097509692
0.7340574320 0.7126643707
0.0129277542 0.4412200413
0.1224340983 0.9696156857
0.2304692804 0.0007686947
0.6963293708 0.4020642344
0.9549754802 0.8622719274
0.6588679606 0.0733669131
0.5337374442 0.1470923949
0.1644255580 0.7616579159
0.4357830590 0.6296434199
0.3312772539 0.3552650338
0.2237886531 0.5695656044
0.1800433269 0.4983633751
0.4088346721 0.3230870685
0.0958634915 0.9727370010
0.0325182759 0.3605504532
0.7257069415 0.7165577481
0.9000372730 0.1227548906
0.3169522062 0.8273797079
0.7482116625 0.4856742881
0.3793476649 0.3740872015
0.2740102070 0.4712780656
0.2096894462 0.3513224641
0.8720012321 0.2415941619
0.2570308969 0.6499589492
0.1332486140 0.3438179793
0.5259635132 0.4884749806
0.6435250116 0.6361859046
0.2164864528 0.3526215327
0.3853163762 0.3174947013
0.5812079016 0.1245668108
0.0959431399 0.0075636189
0.5440983419 0.7477399472
0.2632251236 0.8815990140
0.9697420317 0.4698844361
0.0504686071 0.4483358884
0.5980103021 0.4343714696
0.3341557376 0.6799946202
0.5663056114 0.1486124576
0.2105682317 0.8515053374
0.1300032797 0.1484486295
0.7816780679 0.6271163280
0.6614432102 0.9986850614
0.7659905692 0.6444171696
0.2588010878 0.6224756329
0.4966257447 0.0889707865
0.3283951850 0.8360538378
0.1667763889 0.5271635828
0.3174606625 0.8803444037
0.7617818055 0.5705458773
0.3691512081 0.6872785914
0.9774087045 0.7818497862
0.0475028461 0.5961764424
0.5655317301 0.6010350605
0.4373225724 0.2443468731
0.9712577487 0.9691281356
0.8624403617 0.3960968671
0.8296398942 0.7582829199
0.1854896964 0.5456290263
0.8754781072 0.0784067176
0.1533588415 0.2318467847
0.0863059805 0.0238581254
0.5346808327 0.1368745760
0.4265133531 0.4481382349
0.8592074462 0.2051403938
0.3896573084 0.9101601093
0.4136385730 0.2161564177
0.6463650437 0.0225959923
0.7744551097 0.4716728414
0.4968333885 0.0509656222
0.5655300139 0.5166690290
0.4997821454 0.7615427548
0.3167687750 0.1036852421
0.6038191475 0.1968216510
0.2697571064 0.9312869310
0.3425270107 0.2691989864
0.7273699905 0.0399931871
0.1711829141 0.8066905452
0.0765234063 0.1327895693
0.8208743220 0.9589166948
0.9267257336 0.5023846979
0.6248753211 0.6772540055
0.9018132777 0.6936591324
0.1324992107 0.3199650114
0.4982301663 0.5072942111
0.9672456526 0.3012819055
0.0804400864 0.4593571871
0.8089107478 0.1028338883
0.5225332710 0.3516586041
0.5834316215 0.8964724321
0.2248193863 0.1789865965
0.4295871118 0.4894621229
0.2351727066 0.2018616596
0.7782789945 0.2961695506
0.9871235200 0.6472451436
0.9279687134 0.5647959361
0.7301651839 0.1646730905
0.8289471599 0.1433641985
0.0724738398 0.8615766042
0.3994653950 0.6560842773
0.1822135424 0.4690885472
0.5883570946 0.0793854013
0.1008266508 0.9484260265
0.5716340230 0.3563174023
0.3101856870 0.6379765853
0.9246377875 0.8686877049
0.1652093560 0.8625052665
0.3466829402 0.2982145468
0.0545220661 0.7784392187
0.5317274929 0.6511407998
0.1839629886 0.1129748310
0.0764590818 0.9951672950
0.6912271409 0.3697919673
0.8962859848 0.7632281103
0.3946472003 0.0204487818
0.4800743803 0.3155447705
0.8551021020 0.1780697644
0.4560741325 0.8195601263
0.5872642123 0.2587283746
0.3643275676 0.4067667795
0.1948741108 0.1759651483
0.2349569298 0.9961090373
0.9244578501 0.6851710604
0.5570776183 0.1355514137
0.6328790618 0.5971046160
0.4896864718 0.7065707347
0.4463438170 0.7136010204
0.7137251159 0.3607431019
0.4519536425 0.5035697822
0.1536207655 0.1132606005
0.6076277838 0.7336673937
0.9069577332 0.6051275501
0.6821932768 0.4955693768
0.1125349928 0.1639490979
0.4446670830 0.3305565696
0.1599162780 0.9426397749
0.5102318248 0.4421682402
0.5976811958 0.0960436770
0.2201326530 0.3089646230
0.3329371037 0.1673713053
0.6836997535 0.3619799374
0.2312528473 0.5995231236
0.6429273117 0.7752364486
0.0240278035 0.5607831380
0.1335165386 0.8327288162
0.5094103257 0.0800304555
0.0110165630 0.7815773843
0.3932317560 0.8235303493
0.2866740173 0.5585879137
0.7580238120 0.7135309167
0.8748283239 0.2862441391
0.0710382270 0.9883049413
0.7921665079 0.9741992438
0.8462896499 0.2339411239
0.0688776925 0.4336206886
0.5609940631 0.3801027597
0.6327242884 0.0142821630
0.1933764842 0.6451355943
0.2092731214 0.4080858435
0.7966734512 0.9403213339
0.8450065528 0.4277365029
0.8532574510 0.2987369993
0.0047601262 0.3655786068
0.7631615792 0.4810941144
0.3209099116 0.2651466518
0.7128846971 0.0290963976
0.9789589143 0.1967673783
0.3432089164 0.6862681286
0.4126491429 0.4185926397
0.0888623156 0.2868696618
0.4514519819 0.1257295452
0.7982121216 0.9254307749
0.3142659538 0.3426746550
0.2577742362 0.4625962144
0.8753782822 0.3980474222
0.5441777379 0.1973922186
0.4422222588 0.3356571746
0.7053229705 0.8416866353
0.8791897197 0.5622272664
0.1328252110 0.7695295633
0.2877342184 0.0096390385
0.1294357892 0.8822250706
0.6102267461 0.0983468728
0.5979852499 0.3293992253
0.4635032549 0.8286554937
0.4824943117 0.7569929681
0.2277687913 0.3978387102
0.5774497291 0.7150234514
0.9175002499 0.8436188438
0.5878440488 0.3511201211
0.6432163400 0.3483144978
0.8704297714 0.5402575364
0.5364592688 0.0030035594
0.1157397678 0.1567694347
0.8550603673 0.0273375606
0.3407776816 0.2816437621
0.6117369334 0.6681822980
0.9538833016 0.7562617301
0.4762957116 0.2590489944
0.3261295845 0.6431584715
0.8901937815 0.2123190228
0.2577098274 0.8350466375
0.3019345975 0.0375544319
0.9631244321 0.2652584582
0.1827539505 0.8317257091
0.7155789619 0.9159259453
0.0142763283 0.0709770142
0.0888561942 0.0946327777
0.7532992469 0.9485883413
0.8140268700 0.2559356553
0.3735898306 0.9500831753
0.6287149963 0.9810666900
0.9605538745 0.8339690402
0.1382356210 0.5972930472
0.4918648391 0.6953876254
0.6307738307 0.3178232677
0.8756163044 0.3299902540
0.9928762061 0.7138147401
0.0372882772 0.6866433126
0.3568767474 0.7919496976
0.8477941823 0.8001073387
0.8784812053 0.9442124928
0.4671019285 0.2286230556
0.0905851882 0.5609138181
0.2413989117 0.6863756643
0.6085034808 0.1536723382
0.6364977812 0.2570989323
0.5721382570 0.4219777943
0.8161557408 0.3026187702
0.1022173526 0.8151240522
0.3812071940 0.9389255573
0.2205834960 0.7907145696
0.4738860011 0.7424034630
0.1386180920 0.1516064120
0.9214400498 0.1701337284
0.5532343823 0.5550738089
0.3441174342 0.0307285366
0.6064762387 0.5311352364
0.1848304397 0.2259405687
0.4626106321 0.1214033678
0.4312791758 0.8983328489
0.0357031071 0.5554798931
0.3960448126 0.0665822777
0.2610176831 0.2188325633
0.2961371311 0.8075294451
0.4451833698 0.5342548583
0.5307090675 0.0528761626
0.6529217328 0.2784234958
0.4941267646 0.1084717816
0.7922313277 0.2857324505
0.4813106033 0.0754175943
0.0452761300 0.4534967507
0.7432387185 0.4547583595
0.5588268694 0.4557829742
0.0327318866 0.3513187597
0.8559559648 0.5975376026
0.0441141560 0.8572817849
0.2597875700 0.7963485688
0.9950714560 0.3923949074
0.7304567693 0.7660890426
0.2250056694 0.0052290950
0.9080328809 0.0948570178
0.0914089888 0.8987049211
0.8270134495 0.0590379235
0.6342602523 0.7331388222
0.7220972125 0.6959817485
0.4481701491 0.5813517610
0.5802960822 0.8697003571
0.9529805276 0.7629216425
0.6110472699 0.8071542250
0.7857480872 0.1684497045
0.6038385293 0.8571127104
0.3505203061 0.0997506107
0.2219610636 0.0292351051
0.6570373787 0.0981642477
0.6413562103 0.2079344761
0.4554709863 0.7107273283
0.5851235464 0.8037502381
0.3315368467 0.6527309643
0.7271093206 0.0043690146
0.8647949384 0.3652300987
0.6420963774 0.7180980011
0.1726774952 0.5373596537
0.9654676522 0.7645088828
0.1637619434 0.7658506478
0.1918170584 0.8601339835
0.6060317226 0.1579300073
0.5898333988 0.4715115001
0.6793453887 0.3488252172
0.0398842336 0.6635392704
0.0260602731 0.1013850886
0.2110780807 0.6580117999
0.4397339119 0.3828669146
0.3861854189 0.9353788645
0.2390528650 0.5727286391
0.4156498756 0.3621778038
0.0626151555 0.2453047787
0.7360230215 0.0072562223
0.2899190348 0.7925327804
0.1235075705 0.0218155963
0.5448877205 0.0044365383
0.8698952792 0.2014701228
0.7704853525 0.6088622238
0.3660375487 0.6229298658
0.1764576011 0.6870008306
0.6570882732 0.0535804022
0.9569550328 0.8275211313
0.3941098566 0.6691462455
0.0507753897 0.8596753276
0.7482351421 0.9827884999
0.3741867012 0.0145291491
0.2764295468 0.7884017321
0.8947702142 0.4035070659
0.4319988091 0.3515392206
0.6344479607 0.7747324233
0.3983400196 0.0433093175
0.1908372988 0.6101810633
0.1910346251 0.1057500681
0.6483005230 0.7604564828
0.5212339290 0.2616034181
0.8135346589 0.9790335836
0.7423889196 0.4370740115
0.5552728427 0.9141065393
0.3127284095 0.9530719015
0.6536456325 0.3437163656
0.5974899136 0.1586024794
0.9719765343 0.6986219617
0.5077607648 0.6293812128
0.9522634366 0.2074178710
0.4268870687 0.7354143017
0.4053231266 0.3196910349
0.1107606827 0.5932010187
0.3175539242 0.4155479203
0.7648953799 0.1613772958
0.9284968185 0.1936320811
0.2990554205 0.5130340750
0.6468527059 0.5447920310
0.8393005877 0.1236083158
0.4673400945 0.1648474640
0.9376642134 0.3501582042
0.4267531479 0.6374416418
0.5612816161 0.1459985725
0.2948081406 0.2267565468
0.8656379845 0.4540862762
0.1338412245 0.1599063210
0.9607067724 0.6532097518
0.5811482997 0.7501138921
0.3641007657 0.8929503399
0.7087336830 0.3143145079
0.6019595142 0.1465478958
0.0974608730 0.4726189926
0.4661490482 0.3352165222
0.3260756433 0.0821088026
0.7654503136 0.9331207767
0.4202975884 0.7537237075
0.0187652725 0.0491366416
0.9331538423 0.6285422122
0.4299708183 0.0996853755
0.2349538400 0.8485438206
0.6569017438 0.8363429797
0.2797820703 0.9469813920
0.3410466379 0.6725913836
0.5851110886 0.2047806644
0.0998910986 0.9659921668
0.4121145113 0.8719234142
0.7004447402 0.1552271966
0.1664855490 0.0365594564
0.4303399453 0.4258648705
0.8530438831 0.8396320517
0.2619919708 0.8843747293
0.0121395750 0.6790901955
0.2656612909 0.0568271767
0.9418400238 0.0253000441
0.8688609129 0.8968790508
0.1671117137 0.4780577128
0.9824027705 0.3870600897
0.0556857069 0.7356433673
0.7174791749 0.2480391316
0.2000220991 0.2176469404
0.4035262394 0.2324631838
0.6857653709 0.1858339537
0.8832185850 0.9731262462
0.6493089109 0.3411095379
0.6087953950 0.3796391833
0.5905636855 0.0396771312
0.8930202363 0.1334358830
0.7517527565 0.4677785438
0.7784276072 0.9178648839
0.4990295434 0.3419397255
0.3801120653 0.6382797123
0.0509445876 0.9604368121
0.2301660042 0.0364555732
0.0862620967 0.7217354918
0.1059747200 0.7843236503
0.7333538992 0.5469457740
0.0599284039 0.3539285193
0.1943752063 0.9958737974
0.8847124373 0.7036784445
0.7896532627 0.2500406942
0.0461890259 0.0953720224
0.5211960526 0.5510780634
0.1949846795 0.1621489286
0.3489553802 0.1291987024
0.7282493870 0.6844264999
0.2494547162 0.1339798812
0.5146554193 0.3990481420
0.7836190486 0.5884858662
0.8185546812 0.5662832728
0.3391205735 0.9277954975
0.6633155949 0.9499827976
0.4322802126 0.2542893527
0.3592116817 0.3281081568
0.4555420836 0.0445904720
0.6878356439 0.6440160613
0.0387643078 0.6768413282
0.2828646967 0.4332950724
0.7560458358 0.8120391494
0.0761038253 0.2166140459
0.2545363218 0.3594404253
0.2880856394 0.1359569330
0.0076515447 0.4835848010
0.3341070381 0.2297822425
0.8023446294 0.8692772855
0.1894343636 0.3920593309
0.7585587946 0.2509071314
0.2115100595 0.2407982551
0.1487148162 0.0337704022
0.1523459733 0.8336036322
0.5360621696 0.6876029084
0.1108895486 0.4109468020
0.7829500896 0.4763183465
0.4730006994 0.1222656043
0.2935508305 0.0029865064
0.4657791914 0.9956635340
0.4502941269 0.9953748621
0.8133331933 0.2488959702
0.5792487362 0.7349160266
0.1226820423 0.4074936719
0.9369127578 0.5407528741
0.0513370612 0.5952888125
0.1493519053 0.7605518074
0.0122064028 0.7932720640
0.2543507707 0.7910639065
0.1568211390 0.8246244974
0.9982189084 0.7539531421
0.6444815363 0.3169304069
0.3211202333 0.5861987654
0.7527737562 0.9169931223
0.0282707715 0.4694196987
0.2140094028 0.5893383256
0.4890760866 0.7187561395
0.2724909304 0.9164046304
0.8322566658 0.4794838681
0.3491086186 0.9365843777
0.5122358742 0.8383252518
0.8726252088 0.2056922566
0.3105415425 0.2464600670
0.7911070528 0.4481031935
0.8056993861 0.4725285499
0.5123110327 0.3757149802
0.0960719628 0.6564576453
0.5384391244 0.9960551506
0.0923248043 0.4187311720
0.8585230802 0.0052658650
0.0096764651 0.3947632086
0.2408041776 0.6673645805
0.7848172718 0.0103229314
0.9278236937 0.9180919235
0.0183565950 0.7914989839
0.8785421209 0.2998231205
0.7008864928 0.0114793989
0.6246558401 0.7334322908
0.4192249477 0.0164632389
0.0123825998 0.0636641132
0.9591292649 0.1443083405
0.5863375543 0.7764804851
0.2217463836 0.7520591245
0.1387240144 0.2800144486
0.1532934688 0.5022874421
0.9949144847 0.6651774591
0.9509388067 0.7232180150
0.9355984783 0.9176302222
0.1525796160 0.3538999574
0.2660264539 0.1397413303
0.3441895973 0.7132239336
0.4344791301 0.4593221345
0.1256362372 0.0903743682
0.7749445576 0.9513401310
0.6643439328 0.9443449373
0.4030858845 0.0794773395
0.6359054396 0.3214341339
0.0299346910 0.8763141419
0.6017215734 0.9521779344
0.4743462053 0.3240834381
0.9059745973 0.3729641044
0.9531043620 0.1723533688
0.9877178909 0.3326132353
0.8066665497 0.7346614792
0.5985909872 0.6904996353
0.1788883002 0.0430372564
0.7926456801 0.9903247511
0.3106714889 0.1075135689
0.7119949687 0.9024447183
0.5303295947 0.9271421737
0.1304740752 0.7676925791
0.7275660137 0.3296920010
0.4372283787 0.5469252641
0.0833126659 0.6791234024
0.2431204185 0.5830637042
0.0942778740 0.9830955030
0.0750742690 0.7161841105
0.4789038889 0.9571775273
0.6869519616 0.4572576079
0.3805358994 0.1580995334
0.3602842629 0.1224235872
0.3939565091 0.3852918169
0.1941528961 0.0572225499
0.3330403838 0.1681261710
0.7907497396 0.3390020697
0.3301359569 0.3056865474
0.9316136618 0.6357490838
0.8118824405 0.1065604217
0.8092730713 0.2208910153
0.1315218831 0.1880566121
0.1299983648 0.4961468184
0.1543677348 0.4374188476
0.9355952934 0.7582982511
0.8909428797 0.0120188974
0.3056466492 0.3607910515
0.3514014470 0.0611770237
0.1963363050 0.8673641651
0.1552006621 0.1891712683
0.5479662945 0.2724449834
0.0715904320 0.5471617497
0.4505039442 0.8718367685
0.5893394617 0.8411696383
0.5949728460 0.9072643241
0.8182191075 0.4739146637
0.4582281162 0.6796322751
0.5101170984 0.5002295251
0.6696323928 0.4283901403
0.7542548374 0.0689330285
0.7903764158 0.9081867850
0.9488340733 0.5484580067
0.2996638830 0.2590362743
0.9805395718 0.5891945386
0.9267071622 0.4625061283
0.1536766778 0.9624225181
0.5934570843 0.4039778736
0.3023236815 0.1338718069
0.1402163243 0.3198194199
0.6917306636 0.1793627536
0.6947626296 0.1983467579
0.7692983550 0.8306430739
0.0153347090 0.5247430133
0.5608213720 0.1514519421
0.3888101458 0.6126403955
0.5242827258 0.5870055956
0.6976312273 0.6488609515
0.9713370080 0.9045135153
0.0825110169 0.4928503564
0.7457221946 0.8479973507
0.2226789921 0.2186280875
0.7081908768 0.1675997868
0.6314016521 0.3646167977
0.7191537350 0.0517340082
0.5217401422 0.8655023066
0.2330791549 0.8898385795
0.7359839970 0.6803149017
0.3227951163 0.7241669233
0.9519257829 0.2022118986
0.9371902912 0.7109541588
0.8801190170 0.6379798286
0.4624135857 0.4044685720
0.4484873030 0.6790645923
0.2045222424 0.7018688033
0.0341298836 0.9509762014
0.2406307590 0.8424518119
0.6468952413 0.9242041595
0.1959640062 0.9417911996
0.5952705993 0.1973185898
0.8958197730 0.1594288962
0.5723620746 0.3217211533
0.5142974535 0.7481978224
0.2882168749 0.6275490001
0.7957509232 0.9139168267
0.7444650191 0.8315238589
0.1602758259 0.6261136411
0.9982351506 0.5600777730
0.0211421137 0.2635950869
0.7945252388 0.3048757012
0.4399352672 0.2530985162
0.7596858676 0.7428942314
0.3242703945 0.6649220214
0.9433996200 0.7995054779
0.7332953426 0.0663452181
0.3725178421 0.3105529652
0.4978006396 0.8018163240
0.9373414082 0.6481966265
0.2846050574 0.2682957046
0.3694093786 0.2153425060
0.4389879745 0.6848094791
0.2895859499 0.2847616159
0.4242905597 0.3171815702
0.3062124768 0.2615422106
0.4444097909 0.1120758639
0.9253177672 0.0813079039
0.8827607183 0.2188951151
0.5983569373 0.1216738458
0.5203838910 0.9337463471
0.5776752145 0.7007017371
0.1062267831 0.1865972833
0.3758697296 0.9636539846
0.7442288885 0.8109120565
0.5324490450 0.7181358086
0.7346926682 0.4844685678
0.0796666148 0.5677536687
0.9615232231 0.4107240683
0.5691309764 0.5157072680
0.6522717010 0.5220092868
0.7717719293 0.0622712449
0.3545187889 0.2289958162
0.1959687419 0.7039121800
0.2699862666 0.5152954593
0.3821227555 0.6568250341
0.6668658390 0.4817139673
0.5266835445 0.5739628141
0.9512068066 0.2815963895
0.3646139585 0.0021717607
0.1198048614 0.7568643162
0.3965065714 0.3348338399
0.7398861040 0.9837604208
0.4850400247 0.0554571255
0.3049823780 0.3679789287
0.5651904792 0.1389438325
0.8017450835 0.8907750526
0.7135903383 0.5798047872
0.5890461328 0.6008107057
0.1046522462 0.1503782601
0.2385668683 0.4709073489
0.4445536887 0.6571499620
0.8151766117 0.2945414890
0.3189035931 0.1595602900
0.1857546918 0.3838315854
0.5158887432 0.8432238847
0.3367107408 0.4489304067
0.7939253455 0.4982754738
0.3533103515 0.1881495361
0.7513162097 0.8435954231
0.6680140283 0.7988080658
0.4251418436 0.2589568357
0.4203893187 0.8307104123
0.9975895664 0.8396760522
0.2877576583 0.5473234785
0.5201516598 0.0721363106
0.9435886768 0.2341361599
0.8795999254 0.8435944569
0.3797565278 0.6993494668
0.3243709011 0.9459690199
0.6891243962 0.5489586298
0.7459718863 0.7108470659
0.5465245921 0.6864532056
0.5672455138 0.9217366670
0.5490537842 0.8867749452
0.5278061622 0.6896306016
0.7807036675 0.2248377139
0.8766885331 0.5492358923
0.4516998188 0.6008269176
0.4832255727 0.6357631323
0.2295222124 0.5976610499
0.1593986700 0.4359583984
0.9264332114 0.4304112452
0.0503804629 0.2720996611
0.5374398256 0.8031389994
0.2947166202 0.3739687217
0.2329687671 0.0755264860
0.2815697783 0.1213486854
0.8021344977 0.2598377667
0.7396751214 0.7983860381
0.2153320731 0.0181630572
0.5811341883 0.9911957676
0.4289878252 0.0105629416
0.8928991517 0.5813761691
0.2906528675 0.6566425567
0.7197774668 0.1406405452
0.4192255585 0.6162507816
0.3150124355 0.4155601527
0.2329413212 0.0694126661
0.3479722330 0.5064535101
0.8768687446 0.1812682108
0.1532065992 0.2907454934
0.6620035172 0.9747038499
0.4811065047 0.6186583083
0.7696524873 0.2015278499
0.3676291506 0.8178865689
0.3976522782 0.7024542067
0.6790271014 0.0839465823
0.2290680093 0.1768241724
0.6072465247 0.4041801058
0.0893696350 0.2449084558
0.8926365807 0.7659308759
0.9246846137 0.1787970212
0.8328385452 0.5332022374
0.7815773464 0.7022976907
0.2001991860 0.0411423637
0.2979076256 0.8159289588
0.0347803854 0.6539933947
0.3246713684 0.6900058463
0.9060128683 0.7596793495
0.6903287844 0.2869825746
0.6432685637 0.4329970415
0.7919769902 0.5236291905
0.7241032271 0.7894129753
0.6518248601 0.4642837385
0.4786467241 0.3727587816
0.3127803460 0.2483353011
0.0195955001 0.2726561971
0.9635613174 0.1982576607
0.3394881004 0.0512919759
0.9815930744 0.8289273241
0.3304212294 0.9742025061
0.1610569406 0.2846232640
0.5760903774 0.4860160163
0.7538060054 0.0670204148
0.6420155333 0.3496405041
0.5924657134 0.7856527946
0.2470394096 0.3761736718
0.4878882955 0.0617358969
0.1376614100 0.2128505360
0.2972322042 0.6469025279
0.7064981719 0.2276336887
0.5442882425 0.2803199880
0.3971371584 0.1315897333
0.2402768908 0.8008207884
0.7198768598 0.6139849050
0.6011919390 0.5550929033
0.2663234691 0.9300717846
0.6868673553 0.1986399065
0.4555407596 0.0778280542
0.5972962265 0.5731350290
0.8704260256 0.9274474354
0.7533317753 0.4619578773
0.9502118734 0.4261716735
0.9617518950 0.6751157758
0.4934701754 0.7910921907
0.4187710670 0.0954163816
0.8957206723 0.4238381210
0.5414336548 0.0296721552
0.2967239057 0.1336074386
0.5329257423 0.4518811503
0.8447641800 0.1387862734
0.8856929537 0.4997426950
0.0987051107 0.2324410876
0.6053537964 0.8915310412
0.1833266930 0.4432568567
0.7987499946 0.7672631643
0.6894297205 0.5010342126
0.4110758156 0.8262621305
0.4674193010 0.4246467803
0.3198811814 0.5326304607
0.4015567289 0.5903997199
0.6978438088 0.5908128524
0.9717944929 0.7100188356
0.5415581505 0.8553407965
0.9110865358 0.2500394586
0.5301896304 0.3320167346
0.5482921979 0.9581527222
0.9256948140 0.9522083636
0.4902686036 0.3271059755
0.0554095215 0.3575886976
0.1414733456 0.0230439611
0.0281584161 0.0195709048
0.1853750733 0.5327150215
0.7266410027 0.6358513813
0.5591973014 0.5427568760
0.7917011866 0.8958883501
0.6419960503 0.8543153542
0.2681881147 0.3878076095
0.3457993899 0.9575375835
0.8174685089 0.6311407276
0.5505133624 0.7430218503
0.9182516214 0.9629653752
0.8555247487 0.2110936863
0.2752400173 0.2794316059
0.9344087286 0.4548182113
0.7342202090 0.4403213580
0.8738748671 0.6389467231
0.3625599488 0.4812034938
0.7540625851 0.1745355645
0.9956789291 0.6459096034
0.3845228229 0.7977634655
0.4729128302 0.6514711180
0.5486999015 0.8015132685
0.9902911083 0.5283211458
0.3294537559 0.2395726738
0.4831007732 0.8404792206
0.0891392981 0.5258479326
0.7177103045 0.0836013138
0.4599866153 0.4847731570
0.8199788380 0.5831907313
0.2640015558 0.5741373091
0.2966779606 0.2709305836
0.6263335915 0.6978397712
0.2167043433 0.3040118582
0.6720338327 0.7536247790
0.1104635824 0.6104953994
0.1033531436 0.8196332821
0.3186568293 0.0931602877
0.6432059866 0.6736512005
0.9758033941 0.4049551446
0.8001535632 0.1602205120
0.5491844555 0.9210825676
0.6612349385 0.7733200423
0.8704936821 0.7759116613
0.4512024242 0.7061110613
0.8953334556 0.6073271402
0.4101936143 0.5342821317
0.0047953690 0.9567874516
0.1365989443 0.6458167182
0.5237167390 0.1102792710
0.9178606497 0.5075462602
0.2718055729 0.5335186058
0.7291650302 0.8676398849
0.3866777914 0.9541638096
0.5184669233 0.0332220425
0.3619531186 0.5744692238
0.1160115338 0.4335972316
0.2289063731 0.8597225585
0.6074955290 0.7821010125
0.0767734073 0.8409731317
0.2922357831 0.2833849423
0.6546620113 0.8949719708
0.4111908872 0.4979824324
0.6271196175 0.5199092184
0.6744066672 0.6722915934
0.1657617775 0.7124477638
0.2434340149 0.5696499263
0.9509660374 0.1697168568
0.2314937206 0.0969651701
0.3304883694 0.6893426422
0.9726393657 0.3114053023
0.3359600205 0.8212574602
0.2808961652 0.7129401798
0.4935749058 0.0369432163
0.6713301164 0.0810657269
0.8818786673 0.4249284367
0.0472283330 0.4978314350
0.6874225793 0.1957726297
0.6710479292 0.6143304295
0.5881465544 0.0854358533
0.3315177629 0.6641004568
0.6547075562 0.0828448715
0.4952533011 0.2044235538
0.1015707856 0.7756321526
0.8884720303 0.0753009599
0.1425331832 0.0074372630
0.3928729675 0.6059188070
0.4094495439 0.4708248571
0.3594707139 0.6697095417
0.8782839883 0.3217871628
0.4451506271 0.7916526798
0.0132103979 0.8949629222
0.8589388189 0.1452479400
0.8873373956 0.1231193123
0.4684568689 0.9416323705
0.3677347265 0.3201066049
0.5617576077 0.4096029734
0.0627898242 0.5734100223
0.1857151853 0.2928443013
0.6215243746 0.1105873711
0.8893693727 0.5494505368
0.1473529972 0.6532942719
0.3890996172 0.7288700680
0.9428668361 0.9532640255
0.1422324217 0.3226898190
0.5375771520 0.4165222870
0.0666608174 0.2382156280
0.9671552489 0.9652811939
0.6762821495 0.4275940468
0.5705567468 0.0613716601
0.7155365340 0.6202600548
0.1505194157 0.1207365279
0.9710549640 0.0527839451
0.2032759136 0.3854212150
0.3144028604 0.0677302964
0.0649240840 0.6876628729
0.1871309025 0.4619302697
0.2447487389 0.4400929242
0.6778223492 0.5046080806
0.9198908388 0.6167316441
0.0605514181 0.6170915355
0.5511115693 0.4513683269
0.1651454494 0.8083749938
0.8459997021 0.0730835530
0.2318684454 0.0945932296
0.8438231912 0.3230852283
0.9666214314 0.2955024349
0.7253267395 0.5526931159
0.3574811592 0.7973548925
0.0611289424 0.2892215065
0.4393749079 0.0990922566
0.6039740873 0.2746731101
0.6009165141 0.2175710809
0.4029454899 0.5315717565
0.2159044221 0.3175746818
0.9718483974 0.7909251179
0.3517098796 0.2536525895
0.4793222662 0.8292233369
0.0577593222 0.0633695841
0.4448441039 0.0045426440
0.2695420914 0.8353343082
0.2226354558 0.5562380919
0.6770509093 0.7904171766
0.6345877103 0.0383728059
0.0012889720 0.8608556390
0.4736717087 0.5939456665
0.9984545323 0.5294848899
0.2408994198 0.6451430751
0.1686398577 0.2001201099
0.4017567352 0.9742550378
0.5843585057 0.9101562533
0.6521281958 0.1005590760
0.4739410580 0.7677400711
0.1690859215 0.3203903810
0.1958162919 0.0984080307
0.5885167156 0.7707800021
0.0219208664 0.9198730766
0.4994126643 0.4014574245
0.7119581449 0.0286822227
0.5737523131 0.7956775595
0.2049518932 0.6787558106
0.0612509165 0.3672466127
0.8805185607 0.5593586872
0.2698601127 0.5792849315
0.7495075390 0.5388421722
0.8257482135 0.4796794327
0.6221355882 0.4305351759
0.9605949775 0.0288419330
0.7714683729 0.8584516071
0.8093852059 0.4073039481
0.8610783548 0.1530204722
0.7184878579 0.7338425892
0.9379349141 0.0908338309
0.8616582715 0.3992459924
0.1050592247 0.2074473457
0.0407034834 0.5264914041
0.0832029893 0.3585564576
0.4079011659 0.9050221027
0.2467864753 0.1824112856
0.9888652274 0.1149746043
0.8765580537 0.1251214312
0.3074021285 0.4566205342
0.3099141256 0.7305414957
0.1180034728 0.7309525134
0.3895443885 0.9677170219
0.2369726480 0.8792566680
0.1120447794 0.4714099866
0.7297838204 0.9826793936
0.6603658507 0.7050109609
0.2601241945 0.1472088608
0.0674422437 0.2201857043
0.2351713111 0.3551570515
0.6030741564 0.3838915759
0.4920089485 0.4511412365
0.6021095250 0.1709391339
0.6616869086 0.0487282845
0.8592009349 0.8790628943
0.0202811109 0.2933194303
0.9038890606 0.9135043702
0.5904125830 0.0975165163
0.4394900022 0.1093999128
0.4920348022 0.6771257185
0.9802410479 0.4128042512
0.0579011168 0.9591179584
0.2533858764 0.1249704404
0.0269748586 0.7072797457
0.2463563041 0.3295454184
0.2081469812 0.0169524168
0.8739350208 0.5686297220
0.3669768537 0.1671709621
0.1162597362 0.3111890275
0.7297744406 0.6866790120
0.1357557397 0.2660939427
0.4221923931 0.8897091846
0.3195609648 0.1321037577
0.3635993148 0.0680831920
0.4137333842 0.9483991403
0.6238562564 0.9880995198
0.9165080400 0.8118070718
0.0157203727 0.3338409590
0.6800967421 0.3606515011
0.7439512619 0.2629477873
0.2340006364 0.0902011328
0.2612968812 0.2965671552
0.6875320959 0.2609755121
0.0918875114 0.3521027641
0.1952190161 0.8887096623
0.2741683519 0.8455532762
0.8759911888 0.0635659843
0.2483517633 0.4396415741
0.7655249905 0.6362219300
0.4674729421 0.1946017992
0.8508491444 0.1297504706
0.7464836876 0.5904042232
0.4872909526 0.5887499308
0.3804204839 0.1323627985
0.5300688239 0.9609681151
0.3605350282 0.0264839395
0.3263136057 0.5217055552
0.5963766680 0.7165792773
0.3080278244 0.7975712288
0.9121677169 0.9120791322
0.3024682308 0.4237032212
0.7274144354 0.1036474580
0.8336641761 0.3773559611
0.7545476580 0.4631134431
0.6272600053 0.0707949159
0.7504890522 0.4548982442
0.2505973234 0.8577281169
0.3443900266 0.4480302786
0.3209285354 0.6100435987
0.2303926753 0.1110061031
0.9968803203 0.1554105722
0.5621124495 0.3961676758
0.5317618554 0.5313410722
0.2146453233 0.4759317386
0.5120396089 0.2075983880
0.6902524555 0.0801201230
0.0302762120 0.6563768914
0.8354778298 0.3018046021
0.4490588411 0.9084679053
0.2103053180 0.0884934787
0.6009176408 0.0236642902
0.9040635212 0.3161515902
0.2389624926 0.7249462414
0.8281383723 0.5554590652
0.3039420033 0.7985296148
0.0321545029 0.3828783252
0.1056560954 0.2456470295
0.3881386210 0.3635134311
0.8301293060 0.5869712496
0.0662792283 0.6384088830
0.8786789504 0.1668792186
0.5862490195 0.3858500001
0.4209888723 0.7822944878
0.8696570921 0.2943907315
0.2015256451 0.4696345436
0.6420506494 0.5847485719
0.0771113604 0.8234285491
0.7369867173 0.0483706746
0.9831927828 0.7914606080
0.3400461777 0.0323893024
0.0273241901 0.4938319359
0.9772640246 0.2938483055
0.1906069740 0.2471251702
0.1003014010 0.1704972556
0.6813061717 0.6398924410
0.4497862111 0.5711131145
0.3295904123 0.2019783561
0.9886009959 0.8752237136
0.5383181744 0.9377279923
0.0884981977 0.9502716276
0.2120204511 0.7519188007
0.8262745211 0.1436705107
0.7747054853 0.5872947734
0.6998374681 0.2878706104
0.8568389912 0.9138700768
0.8098492023 0.4684638071
0.4828285427 0.0627084397
0.5692337200 0.5485228393
0.6225685916 0.7806735973
0.3006855990 0.2167833383
0.7840781758 0.2976852961
0.6614196142 0.6329414227
0.9189907661 0.1443043299
0.6947523912 0.5802535034
0.2886313878 0.9350091112
0.4497087233 0.4037892419
0.0956435040 0.3413154416
0.5326966484 0.9121025281
0.6246042997 0.5189301302
0.6593971371 0.8507493814
0.3547936178 0.3244182049
0.2603656907 0.5179959118
0.0092582971 0.7594025214
0.4604446833 0.5862232011
0.7865406072 0.2141035594
0.2999368975 0.2169505493
0.0849154404 0.2470664360
0.8945923198 0.1130619424
0.8737079927 0.8342111151
0.3418116555 0.2387354452
0.4922399024 0.2478807761
0.5720717664 0.5557383340
0.0641786066 0.9853525076
0.0174297488 0.2741657939
0.9035411292 0.4563134689
0.9230636884 0.7963644254
0.2583299201 0.4600948075
0.3631603468 0.7446960811
0.4887553760 0.8359946336
0.5390605962 0.2069617927
0.3092257106 0.0538103663
0.7354260331 0.6077190304
0.0367616793 0.9267398344
0.3892909136 0.4193905167
0.8832203911 0.0750997021
0.0872157708 0.2639760318
0.2046884769 0.2468488584
0.9473601501 0.8243430250
0.2786320920 0.1096930550
0.7661435527 0.3834860595
0.6178672889 0.6695868907
0.5132658004 0.7408091176
0.0501409721 0.0417374623
0.2442084605 0.7163984855
0.7930896020 0.9027538614
0.2659418974 0.4474185714
0.5365686632 0.5863751075
0.4394128002 0.2051767448
0.1078231998 0.4502485607
0.8314896434 0.5170672640
0.6396956016 0.8375197150
0.5393943267 0.9645187267
0.2880442388 0.6845335583
0.4022503348 0.1462333094
0.4517719632 0.5847365700
0.4872289360 0.9454201865
0.1373413187 0.9089072914
0.6918768035 0.4203894511
0.5793787707 0.4031331670
0.5395598747 0.3497874913
0.4799476618 0.5384894843
0.2615596592 0.7069177647
0.2612954323 0.7701661056
0.5572100903 0.1120061049
0.5403579538 0.7788262579
0.0025645309 0.6169331484
0.6280297372 0.7132708847
0.9384335272 0.0138705226
0.2321857469 0.4310210969
0.8102366455 0.2274217345
0.7006668579 0.7422205498
0.3549618793 0.2492826804
0.0789178945 0.7022979240
0.7346289205 0.5051005270
0.9766932578 0.0701198219
0.7010031937 0.5051243469
0.7392222232 0.1509025140
0.1429098688 0.1234043060
0.7004521348 0.3769404777
0.9153480676 0.8747103953
0.3594646366 0.1442486839
0.6787073970 0.1140065097
0.1658863395 0.6195046747
0.5867402588 0.1702284880
0.2260920133 0.4592152320
0.0535451615 0.0442798301
0.6492251952 0.6418221635
0.5026676378 0.4505723012
0.4405369808 0.9034999640
0.9555271675 0.6621030642
0.8192713894 0.5896878500
0.5517296680 0.8309736493
0.5893009810 0.0869373087
0.6104273119 0.1994204528
0.7229442387 0.3834457603
0.6397380661 0.8908404677
0.6318717603 0.7216853467
0.7803400110 0.7759596706
0.6937355177 0.7528258360
0.5297062684 0.2462063775
0.4791316928 0.0801887787
0.2350479512 0.5945147218
0.7807342072 0.5877597074
0.7658847221 0.1031986036
0.9849128837 0.4898241091
0.9812634671 0.8692001054
0.5458761947 0.6090817013
0.0919974555 0.8589299044
0.3233557067 0.9931331177
0.7848997576 0.6780823934
0.3270754993 0.6130214186
0.0238367580 0.0662212163
0.9747266406 0.5525509782
0.7715280489 0.1815954596
0.3148930164 0.7933939659
0.4863720455 0.3285611562
0.7923519483 0.4285352518
0.1401769831 0.8981457316
0.0403989897 0.8953942276
0.6755290169 0.9417085414
0.8733232327 0.6100020623
0.2756307954 0.9783134593
0.1218858533 0.2049015110
0.5547954684 0.3483441500
0.2056313319 0.4259755849
0.7943819835 0.6690567238
0.3680871683 0.6272004792
0.6468102522 0.7221782201
0.3143845526 0.7173571470
0.3093952053 0.4093238408
0.5855592128 0.3590250257
0.0300910371 0.2479195579
0.3797677073 0.1977203640
0.9488382949 0.2484808789
0.6878816151 0.9078310578
0.7010577687 0.9135128951
0.5493981743 0.8820381690
0.9139371239 0.5289602810
0.9543327759 0.4622044917
0.7115076423 0.8810504935
0.4177350207 0.7122483748
0.6111097889 0.0245370168
0.5356968477 0.8673109569
0.7416980465 0.7527642111
0.8951977099 0.7585638891
0.1435372486 0.9756383392
0.5548582665 0.7092929815
0.0191936123 0.2985046465
0.9396506389 0.6254336616
0.1973260306 0.7130934896
0.3998401313 0.2625213599
0.7436337866 0.4611130179
0.8729093174 0.9410609377
0.6074195290 0.8117296997
0.0569425848 0.3036067182
0.4275768500 0.7060926232
0.2549251404 0.0593847429
0.1384140724 0.9652205004
0.5816377663 0.0460775991
0.8135771482 0.0319857541
0.5383044276 0.3534310742
0.2654360954 0.0235927681
0.0548770942 0.6996313294
0.2776511945 0.2078624418
0.9758181648 0.7289399545
0.9902364078 0.8847987783
0.6224676073 0.4078637587
0.8792893182 0.0543272566
0.5035588445 0.2371746246
0.9776582609 0.1817593168
0.4651732769 0.5683844826
0.4681690438 0.8344504576
0.5724005060 0.9158190502
0.5476350314 0.9562844555
0.7971977155 0.7892232761
0.5077261680 0.0710296770
0.1504180499 0.2368702081
0.3078738884 0.7612776615
0.2407045126 0.9854345945
0.5257402487 0.3565883983
0.3689226073 0.7904310494
0.4623819573 0.8826302859
0.1740313331 0.3698058449
0.3520903024 0.9725176146
0.5347686135 0.0833107764
0.0809908456 0.6222117975
0.9012542265 0.3415759671
0.5538372516 0.3837666795
0.4815892244 0.5813383562
0.8650359637 0.8333629015
0.7407581393 0.5270706429
0.7277892993 0.9254897139
0.4826161349 0.3742957918
0.1943469739 0.1502969490
0.3804702200 0.4761600424
0.5607064366 0.2480540090
0.1977402525 0.0923771573
0.4907054224 0.6028165893
0.0974117244 0.7684457432
0.8173002680 0.3368162257
0.3774691427 0.9530797931
0.1829260267 0.5577513903
0.6892252660 0.5330828601
0.6661857261 0.1730732133
0.2964379454 0.0674339702
0.8087175788 0.1785230912
0.2153332416 0.6361437160
0.0039404789 0.3525930770
0.1391294793 0.3844770563
0.0384800615 0.8442443966
0.8953839467 0.0394290814
0.6874285807 0.2281333364
0.8104603273 0.9028785748
0.6561939312 0.2197578054
0.7626414697 0.0846336672
0.8345445194 0.3923519944
0.8938887342 0.0286225675
0.7825579648 0.9180205712
0.9199757559 0.7067717682
0.6035339637 0.5675179311
0.7297007890 0.2076530517
0.8755319563 0.9462421291
0.4961089348 0.8307693336
0.1110473735 0.2184269873
0.8361311168 0.2123893445
0.2934402684 0.3771802733
0.6497744294 0.4551289371
0.3990828123 0.4549296533
0.1459741442 0.7110171733
0.4557929938 0.9370021443
0.2194445322 0.1765735545
0.6109741019 0.0404770773
0.7813424672 0.9984618764
0.8869802461 0.4511165108
0.8662835838 0.1595758695
0.7865806825 0.5730911076
0.3392285285 0.0179500653
0.6779965517 0.3393834738
0.8079820737 0.8046788598
0.9368354444 0.1551652247
0.9105254992 0.0520658383
0.1513511531 0.6021078442
0.4911285391 0.6195141510
0.3078065880 0.1185019070
0.3051641005 0.7122079831
0.7643205918 0.9882224657
0.7997753341 0.0464245101
0.9944299503 0.6209935159
0.2060213583 0.1053541320
0.5356998805 0.2870677409
0.6478543757 0.2505964969
0.3140680867 0.1813520284
0.2242575257 0.3070384927
0.5312083703 0.9351735487
0.0530993218 0.1226095924
0.6000520896 0.4682946960
0.0787374430 0.5194490523
0.1927067370 0.3794499854
0.0401303378 0.9993081881
0.3253627403 0.9105913524
0.3721928608 0.5435507657
0.5463812429 0.8881928845
0.9703576761 0.8569024785
0.7166068918 0.9443797998
0.6867813618 0.4441408103
0.5750514820 0.7513106145
0.1463603831 0.9802046203
0.2684457027 0.9641555282
0.9716988617 0.5367422650
0.2897579662 0.0611782672
0.7883963930 0.3619064591
0.8186306117 0.2938420818
0.4455012878 0.0752423303
0.2857856794 0.5155257139
0.7307000937 0.3358049877
0.0938035914 0.7443480686
0.4857922443 0.2691815592
0.8182800382 0.9337652895
0.4352238704 0.1978817396
0.8862177570 0.5740173585
0.2289324338 0.5096001059
0.6826112440 0.4281659195
0.1704796725 0.8191424815
0.2715346070 0.9183786057
0.8524274135 0.9323474376
0.4346435042 0.4212796507
0.4531369999 0.5041235228
0.5278543233 0.0056002774
0.7626498654 0.6977615542
0.7360652624 0.9510267503
0.1000333762 0.5989704742
0.6661349664 0.7240575546
0.1605523995 0.6156242589
0.8599367586 0.9548458967
0.4882537863 0.6029964832
0.7321573454 0.3584171909
0.7080275694 0.9942984272
0.6416110379 0.4743154514
0.8709350939 0.7876251590
0.2901914188 0.5606468799
0.2675709183 0.8429536301
0.4101848406 0.9716522713
0.8464519389 0.5766254764
0.7485206114 0.8723549878
0.9379036508 0.8057865742
0.6856354388 0.1994940715
0.3286401379 0.1915442050
0.4369802700 0.3648672537
0.8582108783 0.4571421703
0.6767998457 0.3153718803
0.6157139458 0.3162424025
0.5966666485 0.2134463948
0.5036519491 0.8364419395
0.8653524408 0.1822785741
0.4055334183 0.7844420314
0.6919723705 0.2720612874
0.4447989673 0.3518256937
0.2109375778 0.0467399969
0.8548781948 0.5441893642
0.7051049907 0.9651113553
0.7936597684 0.4314128209
0.7626129735 0.0357945402
0.0303837418 0.4031408734
0.3232445813 0.0625131706
0.8089416243 0.5510895668
0.7117605700 0.1642878587
0.3487965325 0.3085782165
0.1784967184 0.1545547590
0.3832119531 0.5177282760
0.1716209007 0.7938887556
0.8542043884 0.1660584831
0.5507973531 0.8929245160
0.3846121526 0.1367452326
0.2186071675 0.7352324119
0.4298979592 0.4506060394
0.1939251754 0.3143204422
0.0757810909 0.6429029213
0.9805554245 0.4345973753
0.2925200219 0.1143518746
0.1947786488 0.8130463894
0.0826441134 0.5232632355
0.8070670389 0.9365225181
0.3661585388 0.5445272554
0.0260729578 0.5790013004
0.6357241515 0.6111979101
0.8070996378 0.5637701064
0.3840397439 0.5757173612
0.2026140242 0.5674676946
0.0566310385 0.5803621603
0.2889628685 0.5060413905
0.8154776975 0.8102816695
0.2013051549 0.3171058362
0.7123852232 0.2175381544
0.8878752621 0.7588507745
0.9657363920 0.7508469058
0.5550430225 0.1825596830
0.9102323353 0.1032541168
0.4162382534 0.1039651207
0.8464606783 0.4987790056
0.2806589217 0.7980808040
0.4556045352 0.5790858140
0.7217838172 0.0728140421
0.6643322802 0.0225405839
0.0510618306 0.8385768489
0.8458853458 0.1305462580
0.0887519165 0.0842777182
0.0256072346 0.2498394694
0.7717391986 0.3944902151
0.3226337279 0.5644700900
0.9672538868 0.1982584517
0.2041908691 0.4874754648
0.4717720860 0.5269139783
0.2549239117 0.6097987685
0.0659781682 0.1764421059
0.0709066148 0.9227907329
0.6695206295 0.8193504711
0.5764574082 0.8206730767
0.0933946364 0.7916557249
0.5316149997 0.2106306493
0.6231360792 0.9925194950
0.2491029151 0.9107387828
0.6826135496 0.5772276435
0.5718387996 0.3997210952
0.1260559539 0.8986219002
0.9755209677 0.8975721262
0.2850557113 0.4577562220
0.2555511149 0.7023685024
0.7576381067 0.4614650336
0.6335291893 0.6861309678
0.0680897854 0.9526936512
0.2757819568 0.8613889150
0.7490904191 0.3788563634
0.1548645372 0.9701382869
0.1017932522 0.8941507477
0.9047000297 0.1181722963
0.8748520413 0.6536712513
0.8209987797 0.5803039448
0.3699930215 0.8503293875
0.4408261038 0.0357883098
0.0295825476 0.2700013535
0.1986633681 0.6582910606
0.3907422309 0.6959885317
0.5010335860 0.6810399137
0.4009153051 0.5807899405
0.1877402164 0.2853333021
0.4813892078 0.0213501759
0.7549932405 0.9193709767
0.3981311622 0.2233600731
0.9041742303 0.4444093376
0.9533949944 0.3208515548
0.9497178551 0.8265339763
0.7469089270 0.6292423351
0.3705642708 0.4448805664
0.7720557826 0.1531497769
0.3218633779 0.4709244890
0.4103086174 0.4447079176
0.2370883568 0.1884986508
0.4662861126 0.7137850511
0.7454424786 0.5704881083
0.2461439574 0.4284136893
0.0054198286 0.9056886893
0.3236196648 0.5119090137
0.2126071404 0.7781066704
0.5609002745 0.6425652189
0.4782903299 0.2410147418
0.1555833754 0.0924841620
0.4951562138 0.5993694764
0.9703540418 0.0040041374
0.4073560675 0.8167335827
0.1686013977 0.9953607320
0.0844244281 0.1966362348
0.2270503310 0.5116261567
0.5620234845 0.6533431778
0.7255851685 0.3926371820
0.7572088713 0.5832975985
0.9247943825 0.7165357535
0.6918907969 0.0760319908
0.0333656328 0.0957108651
0.3653894297 0.9621397887
0.2403137153 0.2513440346
0.1054613431 0.9859354145
0.0411240576 0.8734246148
0.6968992930 0.2117194285
0.1222467830 0.4850158610
0.8377852055 0.6251056188
0.0849777338 0.2727159071
0.5057017697 0.7746549187
0.5876144846 0.6196726039
0.6296854318 0.2141009842
0.0638765126 0.3831747619
0.0584297816 0.4517405619
0.0359310521 0.7957566325
0.1912247566 0.0911014796
0.1819668397 0.2369164468
0.7953440797 0.8557896720
0.7411101690 0.0219639021
0.4720694130 0.2314560558
0.5425790790 0.7851755229
0.9532666907 0.5291128955
0.9313227140 0.9963509240
0.9114062533 0.2765685267
0.1289949297 0.6430271852
0.2481456162 0.9785381978
0.1169626190 0.1350221686
0.8900691967 0.4510280749
0.9571505857 0.0436424007
0.9649072116 0.1318783481
0.5768767048 0.3748043841
0.8575313931 0.9968905053
0.4354323618 0.6934829669
0.0522523018 0.9697527047
0.1630149923 0.5663139921
0.8564195459 0.0040168209
0.2167207986 0.4698427336
0.0700525305 0.3366689768
0.8336576733 0.5238237095
0.4172062694 0.7653750451
0.0778395173 0.1521412819
0.0870029464 0.1852716405
0.5753749764 0.0483348472
0.0457369301 0.0362116480
0.6115651858 0.6283762665
0.8761871673 0.7576631530
0.6238762693 0.4902612936
0.7762474076 0.8259990298
0.7663547106 0.2681407813
0.0062116245 0.4577040238
0.1439043587 0.6681317302
0.5125284852 0.6020649047
0.5189459949 0.4036118443
0.6755645499 0.4181982685
0.7783317814 0.2097160065
0.1298938515 0.0338102246
0.2149884581 0.1099163072
0.3878565747 0.0168702503
0.7266146837 0.6319821679
0.5606072804 0.6564217025
0.3628595902 0.7262805190
0.8155988459 0.8450394279
0.2627610459 0.7262903093
0.3354256209 0.0829851205
0.9158238185 0.8093699067
0.4501749727 0.8828989333
0.8529693173 0.0652294154
0.3039138866 0.6439059507
0.3276899532 0.4602247195
0.8856631031 0.8853045502
0.2830935270 0.6975035736
0.5061883242 0.5825430801
0.9171232271 0.2161983017
0.8341642855 0.2319800982
0.4560916721 0.3472738335
0.4187442058 0.1859625174
0.3257685775 0.9493038798
0.2202935586 0.7460456067
0.7696127566 0.6843616753
0.0470240963 0.4797166422
0.1053412069 0.4623765204
0.9524896927 0.2347745460
0.2338797364 0.4817207379
0.5873833638 0.3655557918
0.7188404670 0.7244561152
0.2188002418 0.7564862380
0.7400238417 0.7265827952
0.6311086923 0.3309781570
0.4910438122 0.9367978063
0.4047978068 0.8674797202
0.1390268380 0.0016842193
0.1331461777 0.1095243267
0.2934365135 0.8709162518
0.9812838502 0.3529155373
0.0414275099 0.7029794925
0.6181950563 0.9207226691
0.9987339198 0.1700696889
