3000
0.3592251818 0.0004113431
0.3339791139 0.6715577228
0.6488812792 0.8305504215
0.7572579039 0.8195521795
0.8699951788 0.9953577464
0.1717025639 0.7084409456
0.9322523617 0.4291731710
0.5489906186 0.5817785370
0.9259659668 0.4996069290
0.8838954825 0.7632559253
0.0812876432 0.7417770796
0.8743059622 0.3456064278
0.6398374896 0.1900323137
0.9002155889 0.6351544040
0.5146386961 0.5407113839
0.7151651470 0.2833119411
0.6659989310 0.3140605451
0.8935033717 0.6740233503
0.5789898103 0.7742504220
0.6129643903 0.9301035950
0.0924325366 0.6135044679
0.7944429027 0.8516108907
0.0998058470 0.3096711222
0.9694810795 0.2058403005
0.3192508780 0.6261425075
0.5008637520 0.0512192239
0.4128540540 0.9388423015
0.9428517546 0.1963319636
0.2246485378 0.9470760809
0.3949653492 0.4704955549
0.8022810154 0.8533577476
0.6768631662 0.2137537784
0.1690496606 0.2818958671
0.0317447957 0.2818526959
0.5210260792 0.0462438092
0.8518373253 0.9057055013
0.6382324590 0.3736886317
0.6119098523 0.9450499439
0.8193524282 0.3472729858
0.7953923329 0.4324471847
0.5762122463 0.1359154875
0.1025576696 0.8164661137
0.6572770401 0.0489147555
0.6413596592 0.9818421612
0.7086636769 0.5731929810
0.1189010515 0.9495956434
0.0266809184 0.3299548688
0.2751397433 0.1415390463
0.4076641588 0.3220084442
0.9303234959 0.2312990900
0.0588807140 0.9338143135
0.0537764858 0.8979235598
0.8985389784 0.8934003836
0.2040437397 0.2483392531
0.3434428427 0.8085992287
0.5390324526 0.2813717905
0.8595900508 0.9496357412
0.3496717584 0.5287342235
0.1340219267 0.6659130537
0.7317457730 0.9273358320
0.7154888720 0.1969147910
0.5779369115 0.0524585553
0.3670040019 0.6654621709
0.5457499906 0.0727932881
0.1751156085 0.7261351563
0.0368697877 0.1760238524
0.6687363417 0.6824861544
0.5096381420 0.7575917303
0.8146250129 0.8837463155
0.6387189112 0.3654699449
0.7771250174 0.8650440250
0.9346524318 0.2502195256
0.7565207215 0.0047254166
0.4408835429 0.3822980581
0.0533812776 0.4381877817
0.0369804305 0.9675340497
0.7455190900 0.5897061496
0.6941438344 0.8168770681
0.0096980239 0.9620542884
0.7527395580 0.4079787104
0.1719838502 0.7582915640
0.9214696508 0.1138541045
0.0286379790 0.5009069127
0.2339305320 0.8678201328
0.8437127349 0.0605823641
0.6406891927 0.4841008556
0.7000142815 0.4101580931
0.2636414349 0.9599363860
0.5568575988 0.9789516211
0.5942987419 0.3477268286
0.4510450941 0.6984041937
0.0787835314 0.2046878947
0.7667588052 0.7020974283
0.5996948472 0.2026906004
0.3955634165 0.1715037257
0.3386400057 0.2124020555
0.9094756946 0.0034045498
0.3831099541 0.0635405866
0.5780632779 0.8157302877
0.2275090425 0.2270028381
0.1747938984 0.3056465505
0.0105331302 0.8648164312
0.0383636424 0.1270314755
0.9297222029 0.0503167994
0.7814910685 0.2640593034
0.7788967037 0.4736422406
0.3726712112 0.3434251507
0.9653198122 0.6165864253
0.0556421049 0.4498175168
0.6808103408 0.2060430232
0.7168233998 0.7875637595
0.1246640626 0.7367223872
0.8627452526 0.9659452604
0.8061237882 0.9915154773
0.3274927892 0.7764989030
0.9902715711 0.7818257223
0.1944500818 0.0776917820
0.2935993233 0.5803844812
0.1871341852 0.8056763975
0.2841462825 0.3255114133
0.9606690131 0.1894039595
0.6959755917 0.4384763758
0.3084555778 0.9641937635
0.5288941809 0.0145642960
0.2878532017 0.7499266272
0.8717034502 0.2236405350
0.6641944868 0.7883512088
0.7609009316 0.1874588960
0.8742142551 0.9185618900
0.7666357571 0.9886501880
0.9179804390 0.0105272050
0.2838538936 0.0102742499
0.2026731268 0.0736187776
0.6989517475 0.5050139959
0.3820653257 0.9104099661
0.7008893942 0.1495349466
0.6623171035 0.4955846412
0.0105977967 0.3522294433
0.8777025721 0.2256164127
0.7136470267 0.2515097060
0.8791465619 0.8069491168
0.1985253195 0.6670094067
0.4239566054 0.8287293000
0.4265116599 0.7474987521
0.8068923607 0.0007124069
0.8890073333 0.6970131756
0.9307236512 0.6277841267
0.1443248402 0.7546412910
0.3786853138 0.1396087431
0.2683150212 0.5536129975
0.3217451428 0.3972371395
0.9018467140 0.0917739405
0.7703590644 0.0580765502
0.8330352199 0.8082275945
0.7633953034 0.4964454149
0.2132495465 0.6798721140
0.5761674104 0.6490062847
0.5733103997 0.8267538346
0.9250235660 0.6826903554
0.7799243774 0.8466048730
0.4476974384 0.5672975226
0.9522821866 0.9866277591
0.4466337716 0.4757760389
0.1448817445 0.3045348823
0.9967597642 0.4322563045
0.2950197795 0.1710462905
0.0396807442 0.7812334487
0.5320281736 0.8224946019
0.0130369879 0.8608640240
0.4502145436 0.1848807708
0.8967659198 0.7291618552
0.3585990174 0.8596701653
0.2972718365 0.9139492021
0.8379217954 0.9868137219
0.3360132797 0.9357387696
0.1590296590 0.6819237397
0.6607759128 0.7872933662
0.2466313678 0.8822299394
0.8559063916 0.6444295105
0.9085457165 0.7298861555
0.8920407117 0.8297021755
0.9929479491 0.0713933496
0.0263684263 0.4539277962
0.9847538101 0.2583506965
0.7412316959 0.2200732126
0.3071626107 0.1974404964
0.8918660078 0.5898584552
0.2555141312 0.5164994130
0.2233472616 0.8854915312
0.0579966003 0.7887225098
0.8123180999 0.9272737057
0.0313758306 0.9884932311
0.7908230833 0.4923843718
0.1797987941 0.7400262236
0.9175915707 0.2209741033
0.8708568607 0.4639570468
0.1763638236 0.5927661428
0.4154780549 0.2272060630
0.6013641819 0.2506853182
0.4768490882 0.9578911613
0.9567830463 0.2576050120
0.2384516881 0.6997576884
0.7301367278 0.8381223241
0.1724303333 0.7495401190
0.1386327167 0.7793423034
0.0668911173 0.8458650259
0.4931751524 0.9429719896
0.6943643087 0.0597504029
0.3164033880 0.2755960496
0.1335464255 0.6744514080
0.0691642427 0.2948251849
0.2925697505 0.1363481729
0.2040765240 0.2760797263
0.6244305766 0.1087665830
0.5353538680 0.2680901614
0.3738401376 0.7670681385
0.5908101687 0.6247677781
0.9496447792 0.7360404872
0.6949793108 0.9569178477
0.1780951053 0.4895651618
0.0215390936 0.2793387904
0.2596262757 0.6077351884
0.7487366391 0.6571708138
0.2254448099 0.0180393892
0.7532707749 0.8399278213
0.5700996676 0.2349263643
0.9860944607 0.2124668049
0.5223486089 0.6560065773
0.7878583069 0.8892190975
0.1090131889 0.1733451211
0.9222235711 0.9313283379
0.7651491580 0.7147446709
0.0320318674 0.4759102078
0.7487410144 0.8426119848
0.5563252762 0.0324693886
0.0292632670 0.2069477694
0.8854695493 0.3235792450
0.6368329034 0.4741939818
0.6771401309 0.8252506389
0.6823108020 0.3351190695
0.8076889580 0.5969858582
0.3885926603 0.3326159647
0.3914177801 0.0823344110
0.5094627008 0.5442336145
0.6645410084 0.3078378214
0.4547661695 0.6044577918
0.3011299172 0.3115704795
0.2892896486 0.1582024745
0.9050868946 0.6920541201
0.5276208213 0.5996682259
0.0052067417 0.8841441969
0.3083923106 0.8696693609
0.8696397346 0.1405557650
0.0986970028 0.1597270934
0.8515788647 0.2260180096
0.5530946762 0.6026710227
0.7797518264 0.5156158194
0.5315135094 0.4171867710
0.1153054970 0.5296977179
0.5664815956 0.5176927182
0.2109292011 0.9347997378
0.2625076323 0.3011243847
0.0285703996 0.6933546852
0.2090618056 0.1786498946
0.0988542861 0.3545272556
0.9934913673 0.4330357953
0.3383267529 0.4443351775
0.8113377254 0.1513273317
0.5798981468 0.5352870710
0.9889050898 0.3077028373
0.3173721474 0.8540882993
0.4565632058 0.5528072461
0.2167036179 0.2205357278
0.8411497313 0.9035649079
0.4046349786 0.7015435650
0.3819704928 0.3214172483
0.4096204288 0.6113116958
0.3172788236 0.1171261863
0.9004536665 0.3919693423
0.7367477445 0.2267295671
0.0447735971 0.4685961243
0.1503318274 0.6659297664
0.3926296311 0.3883437342
0.1850482945 0.8891429018
0.6795464399 0.4254513926
0.8885895667 0.3546299619
0.8390355560 0.3622685933
0.0923127406 0.3285780123
0.8162593358 0.3409687898
0.1660334624 0.8486938637
0.4825600284 0.5214585695
0.2831855665 0.8118182222
0.0648255348 0.7780564274
0.0072895714 0.3502638192
0.0241698268 0.8208359220
0.6093069051 0.0180263220
0.2451653353 0.9370987830
0.0303386849 0.8207115349
0.7298712054 0.0142625140
0.8152613526 0.7919689385
0.7301597696 0.6275191645
0.6602739496 0.6444154027
0.3973513495 0.7539404410
0.4409645841 0.0044796557
0.5799250043 0.1092761447
0.7173868666 0.8782923108
0.3580811346 0.1945121845
0.7487692236 0.2896922430
0.2681889923 0.8863252898
0.9928634098 0.4816150412
0.9406607892 0.8088917932
0.9135712658 0.6785749715
0.0515511887 0.7840776602
0.6753710215 0.1706464912
0.0711891978 0.3728583484
0.9641982246 0.3982976785
0.2824070373 0.8928859352
0.7418181738 0.7926221569
0.9364386463 0.3254427462
0.2143602542 0.3569624217
0.2163180780 0.2095897216
0.6755673224 0.3636119151
0.8856158131 0.9621392258
0.1714454560 0.0832292388
0.1146092409 0.0591512206
0.1253830363 0.1647925330
0.9964905611 0.1679730252
0.1614407266 0.1403681463
0.6929743472 0.6284124308
0.3683958997 0.5416620108
0.9816735077 0.6474549008
0.1582594302 0.2842686918
0.2168712416 0.1940051295
0.6903639630 0.3007270734
0.3608239033 0.8584544379
0.5557568534 0.8849382308
0.7944875856 0.8764450562
0.0465128674 0.8481951330
0.0745689375 0.1070229679
0.8707151360 0.3810202645
0.6680589203 0.0024413836
0.6162355926 0.4652017337
0.9659155803 0.5101972090
0.6150784059 0.7868640171
0.5543198570 0.4074526998
0.1149336160 0.3641051043
0.8049365003 0.7838155857
0.8257200270 0.5216765216
0.3348697750 0.2605208608
0.9762801872 0.4203786455
0.7825111157 0.0623775016
0.9900223670 0.0802885204
0.6472346061 0.2434140952
0.7681873783 0.7246330139
0.6489029707 0.2079776921
0.3555513610 0.3150653969
0.1774053026 0.1661100566
0.4557578904 0.3492986513
0.9229549911 0.3153463272
0.8621059704 0.3484942425
0.7046348454 0.3506508985
0.3745030313 0.9745003258
0.8476834170 0.3700263870
0.1844249109 0.3859786414
0.1992747980 0.3654008354
0.0271080303 0.2676548530
0.0180521691 0.2667195682
0.6238309359 0.9483720912
0.5244325098 0.9417379907
0.0670260376 0.1613230944
0.8567084215 0.6448317308
0.8370946971 0.2937814400
0.5422304452 0.1552114637
0.0821818494 0.4238476613
0.3634609687 0.2482494189
0.6407989100 0.0481716824
0.6754489870 0.2031951250
0.0420668758 0.1673075944
0.8142825231 0.7663786209
0.3794841969 0.3143031911
0.2253334529 0.3610689928
0.5215063999 0.1873209475
0.3356171216 0.3634768640
0.5958581923 0.7785328069
0.9963472181 0.9489599125
0.0643804912 0.2792270880
0.5297739791 0.3533101130
0.9913485903 0.5850098125
0.0286516600 0.3910725661
0.3005797301 0.9251793985
0.5771890625 0.7261655762
0.9152818157 0.9967982350
0.4890946165 0.6996418846
0.6794771018 0.9966799311
0.4913355850 0.4852517619
0.8709684378 0.1134568374
0.0214882462 0.9655384478
0.9331972521 0.3670873018
0.4520645636 0.9995169702
0.7769765996 0.1646075822
0.1069576311 0.6875579240
0.6329642777 0.5786288026
0.3931569774 0.8299174662
0.9718745434 0.1490243204
0.2351417331 0.0224258572
0.4518094750 0.9584483994
0.2698684687 0.7361666014
0.2007238105 0.8387726765
0.9370272324 0.2875489366
0.9969201666 0.8282213473
0.6822480546 0.8209962725
0.0716040116 0.4179324882
0.9801973143 0.2985443017
0.3249108445 0.7018671580
0.7800118917 0.0189616762
0.7204507210 0.2754340012
0.2772758943 0.3735777126
0.5032980683 0.6158918969
0.6247536263 0.3868207886
0.6724875791 0.7215389923
0.3083492673 0.0865421611
0.8314599935 0.9868910911
0.4352723800 0.9025199218
0.1385337608 0.6474984161
0.1081456917 0.1011081025
0.5843622587 0.6407446043
0.3917994653 0.7298164216
0.2344683336 0.3979172340
0.1187547983 0.6676763838
0.3923310831 0.9080345441
0.9249056316 0.1555697320
0.8621325817 0.3753582524
0.4586676555 0.6152654285
0.6201550141 0.9302176861
0.6648693940 0.6567322846
0.2399514544 0.1467159336
0.4089189842 0.9203635539
0.3587965257 0.5710835302
0.4772882367 0.8040713588
0.3215556548 0.0708914028
0.1671125123 0.1847780906
0.8929948109 0.5780290643
0.2607137427 0.9596530328
0.5906853255 0.7173000702
0.1701110877 0.6045121293
0.7580408576 0.8876819700
0.4320917646 0.9751196788
0.9706569303 0.5947429488
0.5361724428 0.2617005121
0.7490060378 0.2204030252
0.2757891711 0.3477921591
0.8366739824 0.9601730058
0.4273120441 0.8216360357
0.4957059047 0.3581991608
0.5819881137 0.5416279006
0.3692638362 0.7268878134
0.3826742839 0.9669172810
0.4666796453 0.7505784572
0.2502294443 0.4300663842
0.7371206049 0.7416797716
0.9236932022 0.1507493428
0.5154672614 0.3428783363
0.7838860425 0.0677927430
0.8476365484 0.9504748468
0.9818239290 0.5014285400
0.3324652036 0.7715980173
0.8513477653 0.2484514303
0.6534024173 0.2219917772
0.9496263705 0.9600424298
0.4156418982 0.3212667398
0.3396990083 0.5553406581
0.2529583904 0.8489519817
0.4059819036 0.9834165883
0.4233943149 0.2873787549
0.5766701519 0.8621189643
0.2740767834 0.9963726218
0.8162250134 0.3943390696
0.0228270687 0.6399266679
0.6466442470 0.4905555106
0.2778576389 0.6164727925
0.7579703175 0.2110939106
0.5967349570 0.1320639049
0.9765001316 0.4823547912
0.1719186053 0.5997252545
0.4734169026 0.5383351365
0.4225705081 0.2484280428
0.6170731009 0.6920874661
0.8709604149 0.1815841533
0.7989109190 0.8513321940
0.1866774645 0.6376559293
0.8960147188 0.6582583349
0.6929889017 0.8744203253
0.7725476787 0.2556182916
0.9470718425 0.9236219703
0.3678325721 0.4595428881
0.2294750539 0.4441953593
0.4705945687 0.5540728172
0.9080514419 0.0399308603
0.2368916216 0.0132233556
0.6777345411 0.7014057517
0.8735160172 0.2034690245
0.6199152745 0.4821957817
0.6791581544 0.5228558912
0.8738073986 0.1258282734
0.8123818016 0.4925184467
0.4670741052 0.1226337900
0.7384676552 0.0321998791
0.5141195861 0.5945977292
0.2964398254 0.5234429251
0.5578334195 0.4815090754
0.7230978907 0.2924407543
0.3042076602 0.7331488311
0.7726347640 0.8291059711
0.3791298527 0.5999557794
0.2784284302 0.3997374524
0.0227874513 0.6585526886
0.1178537588 0.7077342076
0.8295025980 0.9087113182
0.5614677380 0.9101259003
0.7394483953 0.1347798535
0.4146803126 0.6072606168
0.4935809530 0.7372918098
0.1930293672 0.3888096269
0.6742545512 0.4094207428
0.8114379627 0.1413204799
0.2713691591 0.3581403709
0.9133381145 0.6008688993
0.4375336196 0.2513949217
0.0173044143 0.5689313875
0.7256097440 0.7102801245
0.1168478069 0.8004195727
0.6381351950 0.9591803180
0.2332781191 0.8198887796
0.7605070957 0.1970025441
0.6920516634 0.8252528159
0.0984394844 0.3590937666
0.5697777978 0.3979077144
0.4950917409 0.2021228648
0.8420665205 0.9539871302
0.1643977034 0.0631540071
0.2516567030 0.7435428706
0.4445071679 0.2193336681
0.8117724086 0.7327638025
0.8488857320 0.5060586168
0.1614127715 0.8889173106
0.3725003449 0.7391877405
0.6972883910 0.2285170077
0.7966516522 0.5308056809
0.5213754696 0.4862917320
0.4283968417 0.2882416322
0.7635660970 0.4158499626
0.3091389821 0.5424920465
0.7656514420 0.5425053264
0.4318424751 0.2648911719
0.9458823312 0.6545482216
0.9174666069 0.4998188369
0.9026092258 0.4413193515
0.4185918396 0.4664299991
0.4610116486 0.4647614155
0.2418467082 0.2638359305
0.9186850849 0.0856948577
0.8106257871 0.4518626011
0.7038605351 0.0568848031
0.1257218788 0.0734562962
0.0242907880 0.2420357566
0.8238787156 0.1350029389
0.8553441079 0.3231716303
0.2829028502 0.1672717057
0.7926047060 0.4184284268
0.9768567993 0.2523899918
0.8772868775 0.2481077916
0.9459877288 0.8212009724
0.4920273724 0.8589092457
0.8134288776 0.6005514320
0.8201286123 0.9445799922
0.2543445056 0.3215018440
0.1630830098 0.4857910258
0.2030705758 0.1871467067
0.6192166322 0.7728684643
0.3699375768 0.6426780641
0.2405479641 0.8720799764
0.8318436650 0.6905207174
0.8054658025 0.2494957569
0.5592798842 0.8498125719
0.7715875131 0.5760141615
0.7473913479 0.8721994844
0.8061674128 0.7029627194
0.7297917483 0.4948583792
0.5306821622 0.4197547385
0.0712308429 0.8368588903
0.7617283249 0.8834029534
0.1588476234 0.5264179655
0.5821248861 0.5442613440
0.2416247357 0.2842978379
0.0341213872 0.9831868587
0.4037922567 0.4825429928
0.0908701685 0.3223828753
0.4003121514 0.1479469688
0.8328287010 0.7755068547
0.6312071599 0.9860850687
0.4325166341 0.4621946663
0.7863809389 0.2644445236
0.6340586995 0.8279745536
0.8537089289 0.8121290971
0.9032039989 0.8826137333
0.2505623476 0.9688099759
0.3190184080 0.9982615608
0.8125605055 0.0470404763
0.5802059755 0.1933227827
0.2532292743 0.7597474015
0.2070221815 0.6688149726
0.4943767156 0.1086571094
0.1340000908 0.8610349916
0.9593793007 0.4296093562
0.4092181031 0.4276787758
0.5202052440 0.6471579998
0.6425959713 0.3941299485
0.2938839945 0.3035525005
0.1787132856 0.1524524048
0.8952643450 0.5961390626
0.7089029706 0.1276926527
0.0702854170 0.4824167064
0.1828793571 0.7044179227
0.8576186936 0.8934278128
0.4319188815 0.4409865179
0.5564213504 0.2338582659
0.8736193222 0.6898667616
0.8140741764 0.6411681791
0.0325203458 0.4893918251
0.0901603116 0.9262687802
0.3813772931 0.9956574958
0.6015734985 0.7247064712
0.1846368759 0.7828405631
0.6085278151 0.1500111460
0.6086718449 0.0560357387
0.5623732771 0.1598098457
0.3525892578 0.1927792416
0.2035047651 0.9205034797
0.4489348238 0.0577476314
0.1712842677 0.6877486204
0.6853738242 0.2196907432
0.0677797001 0.1076824656
0.3064364139 0.5404779005
0.2032557594 0.3877735938
0.2686736893 0.6032065833
0.4437357781 0.4863774344
0.3430778982 0.0996439318
0.6795855378 0.3265195787
0.7853784843 0.6068405468
0.4389538888 0.0521263407
0.1278334769 0.1485771720
0.0810364605 0.5138665694
0.8853933360 0.5593753910
0.8215131040 0.4969646847
0.6146220644 0.9471226565
0.5661411112 0.6847894726
0.8155189039 0.4849335314
0.1583698875 0.9897191330
0.6243906449 0.3536886255
0.1829756881 0.6767281137
0.1101834465 0.9037630357
0.9100968958 0.6553365074
0.2571902796 0.0077768681
0.3126843761 0.4220083080
0.3938079979 0.1357701760
0.3452631730 0.3977798859
0.9100260391 0.9000253319
0.8330354132 0.8248456240
0.5955863169 0.6888299636
0.3877365465 0.9610227027
0.8262620508 0.5367941838
0.7402902096 0.0424626683
0.1274604871 0.5639055946
0.7601896632 0.3726722559
0.3523630777 0.1563266111
0.2176666040 0.9398517037
0.8260736611 0.5590083126
0.0370909269 0.1647539632
0.3277536898 0.7035155573
0.3886778032 0.7377133034
0.7094809977 0.9040288042
0.4704615148 0.0161874255
0.2835763944 0.5203075854
0.2436277970 0.1231025343
0.8494003522 0.8084715652
0.7016797736 0.7114856006
0.3761299271 0.9587753670
0.4775449974 0.3423141521
0.9097834780 0.7541230927
0.7226142078 0.5602085117
0.2307690019 0.3738897155
0.2278349593 0.0455374314
0.1524895309 0.6146857071
0.6993663689 0.6717024439
0.1220467161 0.2030227286
0.9499337025 0.9028126420
0.9608417759 0.9344076720
0.5219048221 0.7296561044
0.1658808261 0.0892129510
0.9192426478 0.2608197714
0.1818488179 0.9477413779
0.1928714600 0.1610049907
0.4495253060 0.2552241441
0.0976266643 0.3600311705
0.8378716374 0.1720605209
0.4188415128 0.8437150474
0.2751282469 0.5854287753
0.3527562645 0.8817591173
0.0085177581 0.6554675113
0.0173183819 0.7479769831
0.9426575344 0.1225473006
0.2685753900 0.8446297736
0.9335436577 0.2117226474
0.0027444604 0.1553425285
0.7479752628 0.9362748202
0.0351757593 0.1200145373
0.6375466967 0.2243260133
0.4648095231 0.3503338651
0.1218425094 0.5708261309
0.1563594204 0.0859502288
0.6272278913 0.8517834213
0.6023376911 0.9290573219
0.0856354831 0.5284304634
0.9631703986 0.1890792851
0.4620067241 0.7160878255
0.5260340250 0.1193529016
0.4495542711 0.4958072178
0.1716768506 0.4341412272
0.2487692813 0.4064471925
0.6933725512 0.7570104747
0.4291056554 0.2706538622
0.9732849658 0.0705466140
0.3615309031 0.3802902342
0.0889065410 0.8125842994
0.6056409774 0.5951773256
0.3958659141 0.9955648744
0.9367946576 0.0935812476
0.5132822013 0.6133369072
0.4067304371 0.3537001049
0.9239769839 0.6436569381
0.9453868623 0.4424753272
0.5942375866 0.1548436020
0.5321551893 0.8413722757
0.6164581285 0.3814844253
0.8915508970 0.8483449922
0.3828673317 0.1467887394
0.0012982253 0.0610207376
0.2096854288 0.6781261563
0.4400805092 0.5682098446
0.6484348753 0.6874854136
0.7477155006 0.2551669797
0.9447624002 0.5700333778
0.5222741615 0.0626002189
0.2350132702 0.7116493240
0.9366684394 0.1302444387
0.1069305697 0.1902553091
0.7214910488 0.5028861480
0.0932359323 0.6059583382
0.4313992075 0.4800468900
0.5154805866 0.3814655610
0.9890907292 0.7501029134
0.8504383262 0.6369289902
0.0839298483 0.1654389955
0.4524450166 0.6623214429
0.9915371971 0.3873045089
0.0324721408 0.0856410981
0.7761665471 0.6573604294
0.7683541655 0.0666867468
0.6394487105 0.6374760274
0.3004731544 0.2338417762
0.3870904531 0.6001545011
0.1533361183 0.6252497327
0.5993747740 0.2490366348
0.3158637830 0.5959600621
0.1118159744 0.1022529586
0.8118422590 0.5090673304
0.8390812976 0.6809637449
0.0968717877 0.0415635020
0.8082982805 0.7112478252
0.0292795534 0.1045668412
0.5071254172 0.1695704700
0.9798464997 0.7027878181
0.2974706669 0.2803818104
0.3688308084 0.5395364004
0.6975010623 0.5089667595
0.5486534654 0.8112710676
0.7925936287 0.1834883491
0.4867441666 0.4296355077
0.9001365709 0.6272361743
0.1454290113 0.8591232304
0.8835964094 0.5854126389
0.8043731183 0.8649568326
0.1880256533 0.2903590307
0.8259760110 0.7284630169
0.7521925502 0.7249449004
0.5252481473 0.9061704619
0.4417728185 0.5159134804
0.8730819156 0.6840524964
0.5435506469 0.4172970151
0.7354615379 0.1097819817
0.1623346617 0.5285856258
0.2310404093 0.3735613439
0.0703014750 0.2331539666
0.5756462750 0.8520355532
0.6727382829 0.3395200810
0.4746579857 0.2299916587
0.2746628295 0.0613312021
0.7228304507 0.4709932939
0.7595577663 0.2815418765
0.1760265587 0.9207945621
0.1244632498 0.0120691831
0.6704485511 0.4963220857
0.0549304886 0.0822815279
0.7823434995 0.7382102205
0.8688459529 0.8679963859
0.5447905060 0.4863192924
0.7098940612 0.3072338150
0.3680602686 0.0753619580
0.8294342272 0.5397920255
0.4461701365 0.2417084123
0.1598253514 0.2547822208
0.8746409200 0.3826362015
0.1527393784 0.2335798176
0.5530941001 0.4157359310
0.0327627840 0.6352197609
0.7012116404 0.2488792273
0.1995928018 0.2870837611
0.4777123927 0.7901008853
0.5013933619 0.6157976846
0.7593828013 0.5019421629
0.4973829812 0.8815775902
0.6108320833 0.7362479789
0.6294851357 0.0638333065
0.3555245296 0.4731052341
0.4308790999 0.0866587096
0.4447751676 0.6315558861
0.5135471799 0.0699080702
0.5137770606 0.8199127481
0.0974223101 0.9448783260
0.1123618064 0.2499517872
0.2704973970 0.0831873492
0.6030774064 0.5519500353
0.0022658477 0.5532586137
0.6303005293 0.3964833005
0.1721203625 0.2408929443
0.3814832076 0.1540933107
0.5198453591 0.3487283954
0.5852662441 0.3053793556
0.4770954353 0.7239596413
0.8210753122 0.9517642654
0.2967606774 0.0545084828
0.2509475501 0.5711309999
0.7613773841 0.2209073173
0.3267201626 0.1127198950
0.0222502458 0.9944781348
0.3743445617 0.6321234829
0.7977101342 0.8319593267
0.2119732448 0.9299096524
0.2419394912 0.7325534569
0.1195984043 0.0763508265
0.2850548945 0.9954389599
0.5454050771 0.2799303632
0.1406443530 0.2441095217
0.9076337899 0.2887442916
0.9787144679 0.2684748618
0.7306306242 0.4016108201
0.4700112042 0.0764770252
0.1398957398 0.2096456746
0.0219342238 0.0440468245
0.4333236250 0.3892568449
0.0467745699 0.2055449689
0.0444618514 0.2239570453
0.5297615872 0.5364031760
0.7184971275 0.0450883255
0.4974136647 0.5455005322
0.1328112743 0.4504978370
0.7259450966 0.6168809332
0.5113312650 0.9853994242
0.1749890275 0.3187374248
0.0055317269 0.9511009824
0.1836541187 0.3321601119
0.7448297238 0.1449730274
0.4239408486 0.7429638749
0.4952456652 0.6289786709
0.9708007408 0.1869833114
0.8075860039 0.0742811018
0.6186297093 0.7425417145
0.3850370027 0.8358897557
0.7507448919 0.5233719872
0.1549409295 0.6740016154
0.6514013803 0.6410874434
0.1906595741 0.9576394251
0.1391640569 0.5783703738
0.1968122803 0.2613839224
0.7959567055 0.0423670962
0.7448085418 0.4974427393
0.8678687910 0.0523486281
0.8254783667 0.1129933508
0.1218080897 0.3565153857
0.5717360796 0.4266833270
0.5563451981 0.2698962949
0.1965961407 0.8783664514
0.8856034170 0.6786111772
0.2904925080 0.8225979412
0.1418058855 0.2653373471
0.6267356330 0.5091082071
0.5750991037 0.9766399977
0.5350742253 0.0624190841
0.2685302687 0.3748979375
0.7207116547 0.5979624005
0.5315631942 0.7958749277
0.1297595569 0.0935058727
0.1872758486 0.1675584812
0.0919942053 0.2723861917
0.3263899592 0.9367074811
0.5079139013 0.5489953318
0.9655413894 0.7966207948
0.2894785781 0.0371606340
0.3177071342 0.8129590373
0.6125453363 0.7285048002
0.0594635212 0.1040220232
0.7938968187 0.2105677993
0.0627570720 0.4477049015
0.7668919345 0.7134166907
0.5481278669 0.0594262524
0.1971512703 0.8486662786
0.5118331189 0.3136414750
0.2533221981 0.1362773556
0.5810758827 0.3661254264
0.9278519843 0.3021959000
0.1595524206 0.4750284107
0.5888294688 0.3738406793
0.8397888625 0.3157802214
0.1363388445 0.8006431989
0.5792462509 0.7382364513
0.7354021742 0.1832881569
0.0639301372 0.2240328897
0.6024698028 0.7079987736
0.0162495113 0.7679327129
0.7335505238 0.0511562674
0.9431269580 0.0290227192
0.7794566021 0.3447376959
0.9658702457 0.3759343146
0.4972712983 0.7745028328
0.9250730577 0.8848356373
0.3370289770 0.5205544451
0.9118205884 0.4397617057
0.7587318735 0.0438433289
0.7407333399 0.8319191334
0.8172087438 0.1723833924
0.6508904459 0.1579230300
0.4009548791 0.0473883389
0.6974317294 0.8764936786
0.2659751052 0.7522361953
0.8796450513 0.5989605746
0.6667842070 0.3661136900
0.0406038939 0.0609922559
0.9541021875 0.2593874008
0.9689277627 0.7512907401
0.9824144623 0.6791943070
0.9349953560 0.3575586376
0.5504502326 0.0614393588
0.1019491752 0.5308688531
0.3837643419 0.0493330932
0.8660869351 0.4666360736
0.3609917516 0.8987978117
0.2017440443 0.4537095962
0.7839756384 0.8075159686
0.5125283918 0.8526778536
0.4968536244 0.7170894454
0.3237770102 0.9302950251
0.5703189576 0.3067246512
0.3903616830 0.5990102697
0.0846566976 0.2220523911
0.4394786257 0.3889007903
0.2687873771 0.0641379770
0.8198149603 0.9138799538
0.8824338716 0.3014313997
0.7864926729 0.6848721538
0.2646593966 0.0613534404
0.0154485511 0.3697164231
0.9144082076 0.7084084043
0.2114162159 0.5028809766
0.8173124150 0.2221597741
0.3504344632 0.2076413242
0.9879120537 0.6511001549
0.1808136823 0.7091948730
0.8575677769 0.3373923608
0.0957502122 0.2892552895
0.2057284732 0.1826539013
0.3862858917 0.8609898493
0.3058490508 0.9564020498
0.1850685067 0.5277341134
0.8371364293 0.5364724734
0.1193757476 0.3297375991
0.8994343355 0.0146692996
0.8061241486 0.8802651555
0.1609407347 0.8011000996
0.8420914296 0.7456988714
0.7670841286 0.2170944329
0.8693389742 0.2338553268
0.1437681226 0.5792999628
0.6288286602 0.7205539413
0.2393260251 0.4464954420
0.6544865315 0.7665418707
0.0669107378 0.5258550798
0.4054729520 0.0552015475
0.6326772192 0.7168445719
0.1861774594 0.6160373052
0.4649981890 0.9086234230
0.1614635184 0.8897575566
0.9960864151 0.4407749152
0.1389470325 0.9378396540
0.9897794684 0.5873787417
0.5605996439 0.5027845936
0.0578761243 0.0308883001
0.3227258912 0.6848392502
0.0622959461 0.0549683537
0.6263711600 0.7167839044
0.8614667267 0.1043956540
0.0494752922 0.6904534441
0.4267269179 0.4353189243
0.4275939182 0.1169806222
0.8281635778 0.8106211890
0.9317683854 0.8873202512
0.9691884585 0.5828218084
0.9401318843 0.5404336842
0.2352882326 0.0509015557
0.9140982323 0.7435825021
0.4147674239 0.6776288916
0.5104866802 0.5425019168
0.3479353012 0.6104112904
0.5876944070 0.2487934056
0.7660713633 0.9613904385
0.5970363208 0.7976971140
0.6926358645 0.4714457962
0.0896289792 0.0314750643
0.5965759376 0.5079659961
0.7147039078 0.6419556183
0.2112091358 0.8276930740
0.1369932333 0.4403610973
0.5620508651 0.1736397639
0.7588377964 0.2133597425
0.2830830515 0.5690254651
0.9969267510 0.6713544279
0.7433457921 0.1213715892
0.1340845095 0.8983399409
0.8543656034 0.2563427024
0.4432794003 0.2722318297
0.6838171448 0.5636147989
0.3640355522 0.0403893846
0.1619477814 0.8559974523
0.0006881921 0.6071262207
0.2346775613 0.6182322436
0.1074293482 0.1183218150
0.7909195449 0.7533345754
0.0268497339 0.1128180098
0.5715487449 0.4220417697
0.7566896514 0.8511043079
0.0535800414 0.8148755488
0.4337698936 0.4288669089
0.9954992403 0.8965221778
0.0445816034 0.9362957831
0.9283232159 0.5186789889
0.0987715113 0.7336151511
0.3818484432 0.8102112614
0.3347667819 0.3791227966
0.0466803330 0.4224088282
0.2660420498 0.8680936686
0.3900177110 0.0323269031
0.5220383139 0.6192239643
0.4668003866 0.4886411822
0.4895016722 0.0798622375
0.7977103409 0.1221424872
0.7180175264 0.9120937416
0.2216496410 0.0369412731
0.9177736129 0.4688151974
0.5727012900 0.6486481624
0.1480932137 0.6722575114
0.8802119135 0.3422415742
0.9720376672 0.4669834010
0.5455180376 0.8850288079
0.9353847957 0.7352086234
0.6099703867 0.1490525778
0.7175484193 0.9343642473
0.7962937563 0.7724901658
0.6975108086 0.7451391060
0.4789524488 0.6210372393
0.4795991461 0.7028107902
0.1190742287 0.2979645677
0.1319435505 0.1254948199
0.9856188802 0.4954804037
0.5047128002 0.6500109779
0.1768594903 0.6802269681
0.0157316860 0.3393868722
0.0548783691 0.4621846910
0.7178412548 0.6355887382
0.2106615832 0.0089532088
0.2953716264 0.3968899633
0.9885089363 0.0363236184
0.8763542676 0.8813577484
0.4158598394 0.2312511753
0.1926090951 0.8162594025
0.1082671247 0.4447838011
0.6715989500 0.6277592250
0.3491345973 0.6301964805
0.5019521167 0.4960977117
0.0799666608 0.2955269418
0.5788115798 0.1485152213
0.9792608487 0.1899038052
0.5056767761 0.2055021572
0.1568075099 0.0495031607
0.5061625651 0.4555283864
0.2450430418 0.4916650454
0.1821067081 0.6492246740
0.8302366091 0.5646468747
0.5437159579 0.2760595627
0.2336721580 0.0356856276
0.6329480141 0.3148749769
0.6266216373 0.2314864282
0.3630848265 0.1342145408
0.3427864884 0.1329502844
0.9054603810 0.5591986753
0.0380190860 0.4698987659
0.0685636512 0.6187710281
0.0395171606 0.7617494200
0.6352459866 0.6404609979
0.8253177286 0.6065402375
0.5505189421 0.1693773070
0.0797999686 0.0333973500
0.1854373465 0.6539681458
0.1820388326 0.4024851911
0.6418196090 0.9631536899
0.3012343716 0.1616737616
0.2080652921 0.5777566951
0.4970744308 0.7506030340
0.6280879016 0.7337279722
0.3527711887 0.0805194777
0.8033883320 0.8854829240
0.7046447789 0.3122055755
0.9125525763 0.6047364459
0.9745101790 0.1045179231
0.7029648310 0.4335431798
0.4597562917 0.1124954114
0.8862852357 0.2698211590
0.6908887273 0.2766935318
0.1522489402 0.5794561544
0.6274412294 0.3643470681
0.3046013246 0.1011553784
0.0305427581 0.2981580850
0.4184918380 0.7385389072
0.8240604324 0.0399516144
0.7204068250 0.0185277574
0.6361215516 0.1841368075
0.0997293420 0.8359074800
0.9989501740 0.9598566447
0.7752721142 0.2010172005
0.8773371160 0.0409046966
0.6606371922 0.3608334305
0.2946946032 0.4189322147
0.3990140325 0.9732890233
0.8305298878 0.6081651136
0.8710352952 0.9804875973
0.6743048964 0.6187945225
0.2185675594 0.4485440823
0.7380316574 0.4614012236
0.0728220581 0.9201024457
0.0535863618 0.4262181760
0.7269281832 0.7601519842
0.3106072176 0.0187320520
0.4511202746 0.5665838828
0.9269748436 0.2270686988
0.0129465309 0.9639996250
0.4862557900 0.7468040360
0.7354156245 0.0026042405
0.7251235605 0.8952860477
0.1027560260 0.9435861770
0.5086535683 0.2102495763
0.0064689871 0.4282073677
0.3925217173 0.1464508761
0.2136154462 0.8998961837
0.4385187694 0.8592436547
0.5347842198 0.6769572104
0.9234260747 0.7954644587
0.4709468255 0.2580814247
0.4611800481 0.6996898527
0.8264119832 0.2836610361
0.8443868118 0.6878736007
0.8893508519 0.0729833838
0.6036300149 0.2405671093
0.3018716147 0.8106987187
0.8816487958 0.3243719328
0.6683803007 0.2655270487
0.7243446764 0.3629682065
0.2839716536 0.3899891591
0.3017096637 0.4480085785
0.1038530647 0.2720178374
0.8891503817 0.0053616385
0.2203106703 0.6876251741
0.6633158356 0.1136357666
0.6654861355 0.9383722698
0.4964193534 0.8096075786
0.3162394561 0.7482081023
0.9691778579 0.0091262946
0.0416312985 0.7413142901
0.7648749489 0.1222596815
0.0040660111 0.4259133762
0.4556860547 0.0478923923
0.2018945745 0.6685678953
0.4472882294 0.9956838744
0.9242842897 0.3593182421
0.5089081606 0.5022369883
0.7784198205 0.3400777756
0.8833467941 0.0835249587
0.3446082367 0.6970230793
0.4451497130 0.1970688029
0.3166183357 0.2022890608
0.7549771844 0.5750530016
0.1925922475 0.0310972227
0.1443588535 0.5335125894
0.1961255037 0.8775172005
0.1574022829 0.5629199914
0.1276191877 0.2453808990
0.7746565039 0.3619453144
0.2727656697 0.0004396162
0.8492146918 0.4888587701
0.3280375321 0.2356743506
0.0962733352 0.9739902332
0.5423066177 0.1237401152
0.7947474944 0.5618547418
0.9192284973 0.7088453320
0.0831747552 0.7329994931
0.3767848399 0.5249373716
0.3620237624 0.2933222729
0.2183847047 0.5178863602
0.8506550282 0.1125568563
0.1341828213 0.9964287363
0.7895657449 0.5438165278
0.2217814656 0.2399530444
0.1271819688 0.1625315702
0.1922396885 0.9507807205
0.7853453028 0.7258123818
0.0103220522 0.9544143769
0.7587733893 0.6722150136
0.7071763788 0.4232971849
0.3711566346 0.0570812806
0.9991380999 0.4279466611
0.9841864530 0.5500707527
0.6481165505 0.8038966883
0.3356926734 0.0091976203
0.2070263773 0.1637021010
0.4692013292 0.1896300287
0.9079847129 0.3803301260
0.9096061921 0.3457058250
0.9715034038 0.0215833912
0.3382803530 0.8410630811
0.5416623865 0.0247699554
0.5258373622 0.3944791804
0.7852588325 0.3666553098
0.6918838260 0.2579583660
0.4321841506 0.6058023548
0.7784882443 0.4488018005
0.1797890402 0.9527251839
0.3477239078 0.1388403180
0.9357541595 0.9578532774
0.9435262161 0.4417052131
0.8319922363 0.9981225199
0.7942377241 0.1329572620
0.3063649610 0.4900800228
0.6745971078 0.2880903210
0.3195060645 0.1607101238
0.5945608828 0.4298703682
0.9507994754 0.7667591909
0.7372295351 0.5391664562
0.2005694329 0.3691569826
0.7292828598 0.2023755332
0.8147975720 0.6412027514
0.8947115206 0.2437383952
0.3441890771 0.7175049535
0.6162652870 0.4222885958
0.4511684524 0.7752328941
0.3089207680 0.1608729415
0.6863930312 0.8800598999
0.7958044637 0.8186258219
0.5706300780 0.6262473254
0.0693897754 0.7184761451
0.8383514154 0.7536389397
0.5194194157 0.9977106277
0.1261568993 0.2339062939
0.7138871756 0.3623121746
0.2221463495 0.2842048686
0.7305466801 0.9947377803
0.2316170913 0.3884722295
0.8537962129 0.1899956662
0.6599719143 0.6849189570
0.1754230142 0.7763263824
0.4654806470 0.0128335989
0.2675720061 0.0144882887
0.5925456212 0.5026436050
0.6324374821 0.4635928863
0.3603795857 0.8402439730
0.0755587233 0.2516308941
0.3525125427 0.2399258254
0.4982337962 0.2952752873
0.1293012346 0.7198078124
0.8594476681 0.2762427460
0.1686233622 0.4894929267
0.2188447344 0.6004401233
0.9291963225 0.1317440643
0.8396578754 0.1413187104
0.8264675934 0.7882918497
0.3041391578 0.3003027952
0.2127827044 0.7444586961
0.4739203255 0.8048560431
0.1615432057 0.6481029118
0.9138636066 0.7086933062
0.9693262540 0.0954577733
0.0903469057 0.2588415172
0.8104440017 0.4697597778
0.2535591717 0.6506980596
0.9051798842 0.7281319164
0.4182656694 0.2049308293
0.8959457672 0.2980064339
0.2686351191 0.1690092564
0.8648623449 0.3664437670
0.1301032444 0.1713507975
0.5717728165 0.6240227816
0.3748807179 0.3375130142
0.0434576157 0.9595494091
0.7575960078 0.2155561932
0.6028257966 0.6926497850
0.2136960103 0.9516475343
0.7911165362 0.6783851903
0.5956110962 0.6071721145
0.4066521561 0.0213457819
0.6703231920 0.1150625357
0.0604415145 0.1962510894
0.4568584874 0.1357532283
0.2319407175 0.0879047339
0.6433598252 0.9921112736
0.7975360364 0.8354219481
0.3907754688 0.9378912452
0.3998211983 0.3939681540
0.3038349479 0.2457060716
0.8274997506 0.4118177221
0.7298647070 0.9882017812
0.7837503071 0.3613616722
0.8321293552 0.9300692896
0.0351508003 0.8597641944
0.0767672100 0.6487216946
0.9537655062 0.7682874792
0.8710214966 0.8579101861
0.8917562719 0.9688750766
0.0953514046 0.9212485835
0.6608875965 0.6824041073
0.1831400915 0.7115595139
0.6285523359 0.8150871259
0.2190994943 0.2971532236
0.5874536110 0.0978246025
0.2511046339 0.4175927504
0.6078351213 0.7178792865
0.6400726102 0.3491965368
0.5391610770 0.7330643611
0.8086352222 0.5544735083
0.6924036678 0.8057070432
0.1917355406 0.4598819964
0.5046048869 0.6969700488
0.5409129066 0.8127480516
0.6641361383 0.5216835694
0.9889228863 0.3308752463
0.2580881869 0.9796605568
0.4424716583 0.7773224248
0.9924806293 0.6515385376
0.9382273617 0.1680215484
0.4314885031 0.9755115672
0.5709034240 0.5513533216
0.5036417687 0.7058860912
0.4820918564 0.6864928726
0.2309600282 0.4952147815
0.1846573954 0.9912840302
0.7512443264 0.7388331089
0.1898861490 0.3305953877
0.2242539074 0.9739430178
0.5032147705 0.5725565428
0.1392552292 0.9349591014
0.0592500000 0.3527691271
0.8744372013 0.8326526259
0.5779201574 0.1555312504
0.0979449743 0.5466988948
0.6409834637 0.6463105521
0.7457922221 0.1995543282
0.0117512191 0.1711453904
0.8636699588 0.0141593761
0.3507657796 0.4763496301
0.5576771074 0.4487837959
0.5163071811 0.9958415422
0.6632568170 0.3494016813
0.5809841234 0.5036125900
0.5121292165 0.2633030302
0.5442982533 0.5352974068
0.3537701119 0.1172198291
0.4759537211 0.7455014578
0.5709923542 0.1790641911
0.4858163883 0.2864879920
0.8184444789 0.5944472481
0.4838099403 0.3690217807
0.6083492814 0.8174666872
0.1666693160 0.3976116559
0.6695626216 0.9398224145
0.0483542300 0.4600898881
0.6140404798 0.2631390389
0.6370586841 0.4954112578
0.0590603989 0.4564447881
0.0541349607 0.1637505104
0.3740508008 0.2940767687
0.4888837186 0.2994213403
0.6476401411 0.2788523169
0.8880441659 0.8398365580
0.3035448699 0.4211673479
0.1899516118 0.2926730891
0.0331736082 0.0667517941
0.2307118988 0.1286019468
0.3583327199 0.9441337721
0.1733759103 0.9683878543
0.1891756144 0.5374333147
0.9409789742 0.0708587461
0.2005469488 0.4809276848
0.6704441492 0.4221908382
0.7141297987 0.9189000053
0.6467297737 0.6771500483
0.0443123315 0.6776035830
0.5252359518 0.3093759638
0.9424477397 0.6557444296
0.9053659790 0.5904898133
0.8571896517 0.0557051061
0.4792728775 0.4367533572
0.2178424811 0.9498027171
0.0472028308 0.7372006484
0.8431743917 0.2041949497
0.6644812613 0.5086104067
0.8798979888 0.9676178398
0.0650688898 0.1103812003
0.3830321424 0.7729593394
0.2927492750 0.7963181233
0.7646155834 0.7967432847
0.1633907251 0.0805339793
0.8577514257 0.9749184782
0.7803595491 0.7511135315
0.2697186821 0.4829180643
0.8300436190 0.8778853004
0.0308956928 0.5537742979
0.7955783700 0.8295896614
0.2854971694 0.7301449152
0.5442498699 0.1409282105
0.9156352730 0.4244265781
0.9676830688 0.0514243401
0.5419723813 0.0957022464
0.4838053277 0.6757199040
0.3022409409 0.4430887706
0.2457085324 0.0588790309
0.1731644172 0.7621216976
0.8449161972 0.8204646205
0.3718200007 0.0141348693
0.1451941477 0.6975987642
0.5492425019 0.2181619918
0.6379266781 0.0599136830
0.0720763420 0.4907083705
0.3712126546 0.3882448474
0.6773400020 0.4308108933
0.0722190375 0.7841135007
0.1808758189 0.5761247778
0.5559618090 0.8084910915
0.7218152580 0.3403460674
0.8935674188 0.3360330218
0.2333977888 0.1830987779
0.0992004568 0.6549152654
0.4447394411 0.7604863887
0.2872262634 0.7426018113
0.7386545574 0.4578273542
0.3498098530 0.5043167302
0.6173927083 0.0156646848
0.2100351462 0.7736900532
0.3611596482 0.9259601673
0.6167620459 0.0439914811
0.7035499613 0.8974535420
0.2648207160 0.2235617185
0.9935261891 0.9674883257
0.7477759998 0.1904962424
0.3653372675 0.7721748831
0.4803773994 0.5593319969
0.8957768926 0.0775829447
0.2639429287 0.8664322393
0.5924404783 0.9217252079
0.6103078951 0.3309606006
0.3271465870 0.6204145349
0.2886024162 0.4547805369
0.5054471708 0.4496471371
0.8140048418 0.9873117010
0.3461586185 0.0329847426
0.7587499198 0.2003197279
0.1341028899 0.3344789631
0.8330548131 0.9928122034
0.7047566560 0.6860014335
0.6572574840 0.0776574205
0.7212635229 0.4624132608
0.0263459100 0.3892394129
0.0122726442 0.8588285308
0.2541886229 0.8954067743
0.3533244956 0.7212956872
0.8771602617 0.1971691163
0.5950126680 0.5355419174
0.5954886685 0.6560392935
0.9679083438 0.4879955951
0.8355325793 0.3016159026
0.7272415845 0.9791222251
0.7273319712 0.4409451154
0.0395918498 0.0911792857
0.6091561381 0.7163963514
0.1593478380 0.2908165003
0.3944068667 0.3402321153
0.4944539772 0.0815173998
0.2661173579 0.3717467393
0.1189699002 0.4116992470
0.2004201326 0.1967950304
0.6542257711 0.3913577537
0.7627401537 0.8197263643
0.2108650739 0.2734645761
0.4691017665 0.1841857506
0.2608237031 0.7158945029
0.7598216073 0.5019378325
0.8913024686 0.0554805807
0.2939915780 0.4878162848
0.8820474862 0.6978654402
0.8405397225 0.4740952662
0.4427611006 0.7551370477
0.5152886864 0.6090253791
0.2492236534 0.7478081371
0.4933150898 0.7319722299
0.6247142643 0.5285180056
0.6120454254 0.0615401994
0.3275762891 0.5819065503
0.4729071561 0.5332600903
0.4262818036 0.5084301359
0.7479864846 0.4798642702
0.1701059478 0.8094591829
0.4030267985 0.3598682547
0.5965311871 0.0568184530
0.4592350806 0.4091229851
0.8557582149 0.1519999959
0.7337460994 0.4151976678
0.8782087522 0.6586004495
0.7222268299 0.2958977695
0.0626630270 0.1261035404
0.4169869104 0.8009186760
0.1206824331 0.9139498220
0.3900930798 0.4495804118
0.0772260494 0.2719053055
0.9133690935 0.7677844372
0.6978770770 0.3360613995
0.2357946165 0.9937785472
0.2898533556 0.2593687577
0.3937000954 0.6850113971
0.9069838193 0.9114279337
0.0902871540 0.0773036834
0.4780906379 0.4543300173
0.2483866319 0.6227577160
0.2737244673 0.6296607254
0.8139997707 0.8642730723
0.4279582633 0.7763519220
0.2680501732 0.6922312077
0.9399525314 0.4398846471
0.0899076443 0.0728565274
0.6942633500 0.9304181015
0.1086272260 0.5379579936
0.5593715964 0.3407393364
0.2764801712 0.0821994383
0.5506700959 0.3444988678
0.9042357372 0.6267427995
0.3771530341 0.5610174261
0.8087860200 0.8770535360
0.4303098434 0.3950198053
0.1410888442 0.2278527473
0.4192335494 0.0379714127
0.8860359463 0.3496462066
0.4077116231 0.7522645131
0.1557373067 0.2289551742
0.9670743457 0.6503200531
0.4338448811 0.7283198850
0.5228350889 0.9277426472
0.8709216279 0.1823413538
0.7436628261 0.9129857778
0.5794948113 0.1524727797
0.9979865631 0.3555545570
0.6323155643 0.2259670763
0.4865383849 0.0905944667
0.1284788861 0.6633320958
0.6483996641 0.5897837304
0.2594417281 0.7738411950
0.8336232429 0.9367683968
0.7806089899 0.1300908960
0.0372616770 0.4499483660
0.6740409573 0.1202938779
0.6976397265 0.5162441323
0.0739672222 0.8809402202
0.1759671442 0.1965432033
0.7191765092 0.3526551589
0.5548953357 0.8168462789
0.2949830572 0.0585272535
0.8203796520 0.0687030715
0.0323543861 0.2168756675
0.3242165644 0.1083484179
0.8429171358 0.9693711571
0.6638830447 0.7660191008
0.0859409768 0.8306202889
0.7618129884 0.2552525817
0.7870331738 0.9467676260
0.9780036885 0.7065390806
0.7581593738 0.3883664470
0.5478528443 0.4405183398
0.6047388864 0.4967133779
0.5013846383 0.1429833022
0.0479454681 0.2530377540
0.4905311319 0.0072729102
0.3389776427 0.7463820642
0.6278930541 0.4692066334
0.7969452492 0.0787048024
0.5234117826 0.3755334762
0.6631517152 0.4646826341
0.1946423376 0.2989388694
0.5319344480 0.8588839531
0.4218248906 0.2409728923
0.5918585597 0.1744313815
0.4207099408 0.1488337291
0.7909417515 0.0449656219
0.4141005102 0.5127602361
0.8257213277 0.1256691927
0.7973322211 0.8078585472
0.5463568504 0.1293030432
0.1134199347 0.6975070979
0.9685948609 0.1496549018
0.9803576602 0.7250552776
0.5883047822 0.3374931989
0.4460660435 0.6863513117
0.1054284049 0.6630662191
0.9857396477 0.9977045387
0.9815673610 0.3243805732
0.5018539070 0.1522089817
0.4790664347 0.3419394632
0.2388499632 0.7919235453
0.9593334750 0.0183155460
0.4825225137 0.0142263217
0.2542685244 0.2348792834
0.2783944166 0.2777295334
0.8670590826 0.0081983623
0.1738694573 0.6764623927
0.6072297937 0.3350696548
0.1657117585 0.4105997072
0.0197184564 0.1178399153
0.6174094853 0.9978339505
0.6288831848 0.8806173434
0.9002370164 0.1415589646
0.5857275875 0.0621707965
0.9073381441 0.2003540028
0.7802645880 0.9027592924
0.3919109097 0.8878268267
0.8608214702 0.3298296190
0.2885818757 0.1726948918
0.8882222554 0.7914648213
0.7913160170 0.3460545498
0.5451659504 0.6866621622
0.9817158382 0.8761073175
0.9197517387 0.8979642476
0.2283214311 0.9801839881
0.8869859983 0.9446621459
0.4105306652 0.8097266004
0.0232374982 0.4437349623
0.2600169230 0.7659590901
0.8059911397 0.8908854115
0.7580292774 0.7422975464
0.5748825905 0.2554763084
0.5787178526 0.0241216761
0.3598794990 0.5208683248
0.0266352541 0.1673487743
0.2186074564 0.0956044369
0.7808221991 0.4243224334
0.1672018349 0.9710819797
0.0283938397 0.1888481590
0.1376994171 0.6077985100
0.2473008336 0.4917784872
0.6498665674 0.7949530513
0.9809468474 0.7943704659
0.0464935794 0.1471292844
0.4366024461 0.1987088460
0.2085672453 0.4769830956
0.6350627509 0.7228083458
0.6403671238 0.0143016326
0.1407541094 0.4725789256
0.6944135185 0.3294969585
0.1095031743 0.3836581914
0.4923275193 0.8635419361
0.5054390152 0.7031854128
0.7900472213 0.1665520975
0.8590072128 0.5349118521
0.6344763186 0.3036619018
0.8648325240 0.5806126487
0.1635241918 0.3995395610
0.4511744142 0.6765855068
0.3126297700 0.9618296838
0.6919776687 0.8460919217
0.5082438131 0.4490082426
0.0780281592 0.3669171332
0.6523773565 0.5295800032
0.2154815283 0.7877948120
0.8322069390 0.6172435212
0.9780403824 0.9182635801
0.2248595357 0.5605941841
0.5033136504 0.5635918505
0.6098838094 0.8161314927
0.1943989773 0.1797286301
0.7505460504 0.0397813757
0.0644877356 0.6828077605
0.6599729831 0.7948401959
0.3452990573 0.3635532909
0.4292958241 0.9931924219
0.2694079210 0.2290045991
0.8623327237 0.7618488075
0.3320395740 0.1222994406
0.6349801614 0.6582975652
0.1396608229 0.6558238781
0.0773659305 0.5458564840
0.1607061577 0.3338583415
0.9629497532 0.9841588295
0.3080346983 0.2379190938
0.8811399545 0.6901015345
0.3032217648 0.3013150362
0.8686275857 0.4810291394
0.1995467132 0.5090098134
0.9795225346 0.1246228494
0.2735461816 0.3246998047
0.3855082471 0.6889085816
0.7342601481 0.2690885308
0.4146151390 0.3109940963
0.3448057847 0.8516584344
0.6608454698 0.7845896045
0.1026718950 0.9928117743
0.9267647925 0.0040626310
0.5831345842 0.6640717734
0.2973087669 0.0967222548
0.4144524847 0.7211063590
0.0854359197 0.0252238952
0.6240081210 0.8076565508
0.7388906647 0.5484305996
0.2713190825 0.7680222888
0.0522231733 0.6917626316
0.8668511935 0.2215783130
0.1893455487 0.2970117223
0.5648231910 0.8248635958
0.0892867557 0.7967925292
0.0137006474 0.2751077234
0.8014415702 0.0902484795
0.0498341169 0.2936280486
0.1764912238 0.2843248754
0.1277049149 0.6683517379
0.1253068336 0.1088672488
0.4944994703 0.9317873661
0.3505292055 0.0139982257
0.6372408414 0.4040905807
0.0541510056 0.3146719977
0.4574640449 0.1404390109
0.6293112915 0.2599997029
0.9614297326 0.7877520285
0.7556436185 0.5738858366
0.9931281160 0.4778606560
0.6349031964 0.8387095418
0.6828334221 0.6625541266
0.3272304852 0.0752313325
0.8357266171 0.2304989259
0.2782916249 0.0096000502
0.4431118509 0.3368475561
0.1636693098 0.8122808900
0.8630104180 0.1234233495
0.1192598534 0.5439201927
0.9874232060 0.9106890944
0.2750656837 0.1496083172
0.8903107844 0.5022768828
0.2646546507 0.6056970210
0.0333481470 0.9586770682
0.0436910022 0.7422730570
0.0957685035 0.5687544493
0.9183253007 0.3395853560
0.8901190694 0.7760805183
0.1578631881 0.3281679694
0.6275087042 0.5016402541
0.9460164642 0.3100967169
0.0039358835 0.6452928474
0.7111717647 0.1627623598
0.1935428027 0.5454357003
0.0684958134 0.1867390283
0.8551493826 0.8296415734
0.7053284389 0.1157711496
0.6851787590 0.3986087900
0.5461977203 0.3195982268
0.8830936428 0.2515852199
0.4449242542 0.6992815610
0.1347208151 0.4834963230
0.4686643746 0.0998927696
0.3643485211 0.0623286777
0.5623749726 0.5468686381
0.5582400706 0.9298901421
0.0120655588 0.2500329785
0.4202135657 0.5598882679
0.6613355144 0.1132307601
0.4841971055 0.3543389547
0.2780781654 0.4377155591
0.5791746988 0.1626377741
0.8168649432 0.6138763710
0.2186979812 0.7671963589
0.5774069600 0.8585853395
0.5701447371 0.3953667420
0.4206231915 0.4743932999
0.1481646148 0.1894470750
0.2712276083 0.6819950237
0.2722590583 0.0948820375
0.1093807811 0.8088318412
0.6302011047 0.8113418987
0.5338333287 0.5043943257
0.9970079064 0.2921843420
0.7651227426 0.6967328586
0.2734371117 0.7748733988
0.6497664792 0.2048798528
0.5284859778 0.4782505383
0.8250281753 0.2783320308
0.6571293758 0.9121227641
0.7087161802 0.8474367540
0.5975414297 0.2104531821
0.3896062242 0.9374718664
0.7913029734 0.0215097696
0.8114633183 0.5244035404
0.7156046050 0.2666485257
0.8672704025 0.0917521963
0.8682133552 0.5139768263
0.1501542339 0.2856914273
0.5439785155 0.8039643721
0.1436319387 0.3594510032
0.1059102124 0.5111380945
0.5761841480 0.5482891805
0.2243717733 0.2293185919
0.5137936805 0.1227462289
0.7346850240 0.7274255536
0.5189717425 0.6305848689
0.3464556039 0.7387001547
0.8659257211 0.7567702459
0.4271827421 0.7182626156
0.3689062825 0.3060358273
0.4782259792 0.7322433817
0.8544039728 0.0440281217
0.7229595824 0.3262969147
0.6877479911 0.5207179392
0.4349521392 0.5621270397
0.0507931442 0.5437108457
0.2482677995 0.4077235066
0.8597636512 0.6692857151
0.7124927875 0.3203293775
0.3109549379 0.9354347883
0.7818485878 0.1707294932
0.0468780467 0.0738740318
0.7607613851 0.6232702713
0.8465632434 0.6069387366
0.4675148302 0.7080916109
0.5611230354 0.5604731778
0.0231213129 0.6003719753
0.7393071649 0.0052698539
0.7243043349 0.5559578655
0.0176648998 0.2773083021
0.9174927831 0.5435694859
0.8860632794 0.5209892178
0.6549854258 0.3608444616
0.8816918951 0.1497543973
0.1849521284 0.9248018607
0.6133186130 0.9249291406
0.0036955316 0.9868793247
0.2724426796 0.6163182645
0.2816052946 0.7385157917
0.4491249321 0.6270326783
0.9634945902 0.6453235171
0.1376571957 0.5402186284
0.7395162811 0.3762125708
0.7908664428 0.2768070211
0.3846140974 0.8784017036
0.1617312003 0.4410955881
0.6724721360 0.4900698904
0.4571215018 0.4749218932
0.1841832665 0.4794728418
0.0208555732 0.4413807003
0.8523656153 0.5526693707
0.3618998873 0.6154841988
0.0082134207 0.6815726030
0.8484217899 0.5718591258
0.0319767210 0.0698615464
0.7995367202 0.1285202451
0.4466220883 0.1963586308
0.0239747829 0.3309546360
0.4399344253 0.6537992280
0.0785245433 0.6421966829
0.3520776507 0.9354897201
0.6489943170 0.6422692760
0.6236398486 0.4131704106
0.4925644352 0.8343114409
0.0634463471 0.4964704921
0.3227863504 0.6049085484
0.0659321338 0.3676623388
0.8671178081 0.9925860568
0.5846223429 0.7449925364
0.0817654532 0.6811234890
0.2512781557 0.8436877444
0.1697397865 0.5532903320
0.0195223778 0.0758035132
0.6154095084 0.2158009234
0.1072675086 0.0584045140
0.9224756622 0.1377309413
0.8140263770 0.1841352104
0.1221682398 0.4323331051
0.9971938165 0.3490599463
0.4046015517 0.8561350236
0.6056449225 0.4297219812
0.4186063344 0.2993979850
0.6895038890 0.7546911914
0.8839905810 0.8984598403
0.7316950811 0.1254407411
0.1650628751 0.9131813826
0.9798955071 0.9072127246
0.3653857310 0.6816603092
0.6967659258 0.3326039167
0.3211081445 0.2895723584
0.8918457871 0.4389223823
0.5938607942 0.0729449580
0.1502545972 0.9949363351
0.1940787897 0.7108628727
0.6313505557 0.3634570127
0.3017504368 0.4585521855
0.1747546526 0.4932674110
0.6939732379 0.0214830982
0.7216567525 0.1372291259
0.9373308221 0.6775775920
0.9360775426 0.9529700898
0.6579878388 0.5173038347
0.9937684489 0.3583758150
0.3635319762 0.0903838719
0.9956888048 0.8861775672
0.3579757329 0.3230367317
0.3585083432 0.3102509958
0.2649630914 0.3011245430
0.8363398683 0.0008088952
0.5541089770 0.4022642066
0.5359154629 0.8064924669
0.2515321793 0.3039127317
0.4016771089 0.2584352753
0.7080257981 0.5946298009
0.1677605833 0.0446949365
0.8969409928 0.0721659514
0.7006090278 0.5130175475
0.2187438855 0.3247205721
0.9889606816 0.4257201223
0.2003370245 0.8606588320
0.7772130523 0.3125468747
0.7946209910 0.8771725094
0.9836734083 0.5456754348
0.2094031059 0.7398141796
0.5969632838 0.6956191854
0.3246442006 0.3825304590
0.7018531241 0.8175923737
0.7931665399 0.1317644342
0.6500599266 0.0649752023
0.8623290356 0.9083936147
0.1620495372 0.4298357828
0.8028086143 0.3677141219
0.3226424737 0.4700369233
0.5855096800 0.3003779468
0.0162302586 0.5982753531
0.1087558375 0.5361349303
0.3366670338 0.8804718867
0.8453016030 0.6674266932
0.9024086001 0.3192506763
0.2523341403 0.1413246647
0.8092297639 0.2828167476
0.6675177626 0.6560004119
0.1608576867 0.0803608296
0.7002674525 0.3418609635
0.7321172149 0.6821908644
0.3198196066 0.9076775021
0.3396923654 0.2361100676
0.9403016059 0.7884814986
0.9223649088 0.3411317143
0.8078843778 0.3446966869
0.1655999893 0.0054406855
0.9062350407 0.3309216807
0.7446056460 0.8375830662
0.4138695288 0.1779726841
0.9055013565 0.2981842651
0.4706375582 0.1132410371
0.1559884972 0.7740672610
0.6404559702 0.7821162233
0.2949231010 0.8274627160
0.9935381706 0.8271695870
0.8744497916 0.2200726546
0.1737510844 0.8319897028
0.4588627166 0.2150702279
0.1653635813 0.1430056723
0.7211176741 0.2196879386
0.7283328184 0.3453297714
0.5009275933 0.0468674495
0.6324083703 0.5875961447
0.4376307317 0.9465140437
0.8877162428 0.5259680017
0.6865291655 0.0852191811
0.1431180972 0.3889303300
0.5291530293 0.3378852731
0.3035235839 0.5521810952
0.3959134850 0.0955065607
0.2034666415 0.0568790936
0.9338655998 0.2904306335
0.8666392594 0.7047014986
0.2728094726 0.9937454859
0.4797092090 0.7196101246
0.5697166920 0.7490069125
0.7136309904 0.4789201438
0.2444761265 0.2723420796
0.4367918851 0.4852107241
0.0592113504 0.2710344620
0.1817181998 0.5758121696
0.3389298877 0.9110166517
0.9506991566 0.3480494168
0.1830217724 0.8982670678
0.0755690608 0.9161171979
0.4751334177 0.2299273434
0.8830208694 0.4094075141
0.8631998611 0.4180272722
0.8592075027 0.0723050720
0.6519270581 0.3920247520
0.8560195164 0.4319120458
0.7267729481 0.3459381055
0.6363112018 0.7628586086
0.2114842621 0.5116687883
0.7164792870 0.9973010318
0.5505040813 0.2121827957
0.0321820063 0.3034044723
0.1030720826 0.5765389526
0.4266181632 0.7870528009
0.1375982797 0.9833234781
0.3406699055 0.1592234493
0.3228982521 0.6398693052
0.3703441476 0.7554100085
0.4271355745 0.7017102581
0.5493320135 0.9936712939
0.9558257686 0.9900394131
0.3131371385 0.2143301861
0.8870125434 0.6745118809
0.1061074480 0.8570416276
0.4947365895 0.2545525557
0.5038373185 0.0998937069
0.4911733309 0.7943991739
0.5407898048 0.4104018037
0.3633253090 0.6454322719
0.6566218510 0.9397004395
0.8319114494 0.8239126576
0.3045779809 0.3289332528
0.8181043861 0.8030687613
0.8014504444 0.2907865937
0.1680236912 0.7255453496
0.4409871906 0.2793075146
0.6554020133 0.9455460938
0.2412616738 0.6675926812
0.4595973183 0.3695723876
0.9514007840 0.1156291047
0.3991339621 0.2804817213
0.1042009720 0.2295141292
0.6902117035 0.2016581913
0.9685445714 0.1884764454
0.8951304439 0.8864094145
0.2291615605 0.7475655405
0.0273359709 0.7022729153
0.1011648070 0.9115724633
0.4877996721 0.5207369027
0.3729196126 0.6196900092
0.6217035175 0.7199491745
0.5631909319 0.9806154633
0.2049087252 0.0613095265
0.9771450447 0.9542447916
0.0964448826 0.0104103528
0.9506644909 0.8888022038
0.6262637599 0.5386109958
0.9835688351 0.9911943761
0.0267602266 0.5636016793
0.7797154183 0.6335739682
0.3620700498 0.9656327030
0.4355885254 0.3805424088
0.9609125358 0.5506555544
0.1488668340 0.7591170581
0.3167536362 0.4224426021
0.8545928122 0.0875335559
0.7833228966 0.9728219875
0.1389498939 0.1291489280
0.1640255959 0.1024853505
0.6292866976 0.9441567803
0.4705490821 0.3443958028
0.8139095892 0.0745211864
0.7089702592 0.2776441943
0.9062984410 0.1164808993
0.5409287437 0.9916715697
0.9357829289 0.8101709134
0.0629385521 0.3890967789
0.7203492986 0.0073542061
0.7486682321 0.7999576545
0.7571308534 0.2659510353
0.8070278498 0.7209952975
0.3522677582 0.3639988648
0.8231586932 0.4906805806
0.5042048882 0.7258716618
0.5699294341 0.3640028846
0.1531290594 0.6100316897
0.3043003204 0.7606110562
0.4141299239 0.9202832368
0.6959248725 0.4257170026
0.3228015328 0.6714424447
0.7746161620 0.8652426874
0.4393844375 0.4655326862
0.9288126734 0.6950113773
0.3811809571 0.8160608491
0.0389367927 0.4783548439
0.9828592335 0.7956241371
0.2875462167 0.2173276709
0.3203940906 0.2760436992
0.0524369983 0.9097910182
0.2767761334 0.9804152191
0.5593644526 0.4879480234
0.6762527009 0.6729131966
0.6478057637 0.0134833488
0.2687476855 0.0748801876
0.0861965707 0.2202798666
0.0072394202 0.5146777518
0.3623308233 0.3677555174
0.1282593721 0.8939713796
0.7701217230 0.8961842099
0.5193064460 0.2845666873
0.9156789370 0.5599342529
0.7368552186 0.3576098158
0.4736652476 0.5553785995
0.8247685847 0.8909098197
0.1391534419 0.6573014508
0.7753085554 0.8003366466
0.2407125890 0.5309459278
0.0735717707 0.4976933818
0.4072097598 0.1964177888
0.2710585763 0.8901564424
0.0138220559 0.0879807512
0.9452182369 0.0053235401
0.8720107439 0.2728491394
0.7191945267 0.0511035255
0.7737178442 0.1724037024
0.2396298804 0.7011284685
0.0518027166 0.5633271443
0.1402683363 0.5340628593
0.2767444731 0.7269758712
0.0552305588 0.8491307196
0.5738935695 0.3623750063
0.6882171799 0.5303764457
0.8160638302 0.2815439883
0.7925291955 0.2386205628
0.1230140807 0.9654300636
0.6716772049 0.9727667231
0.6823761763 0.7745480073
0.4714843051 0.9610620968
0.8958440372 0.9804938977
0.1019694562 0.9181079857
0.2499464312 0.8128218100
0.1009319115 0.9348630538
0.1124837451 0.4003418302
0.1310395998 0.6565773503
0.8637166673 0.8267190394
0.0883571811 0.9475395272
0.3856530578 0.5173225369
0.9926323957 0.9417162557
0.9532865114 0.8275945083
0.9282921076 0.2348070704
0.9983983183 0.0127793287
0.3099823649 0.9859338663
0.0495422403 0.7246730786
0.6576194444 0.8661292860
0.3910890875 0.8031243135
0.8833016814 0.1159836513
0.6297163390 0.4083368971
0.8160649318 0.4562552562
0.4084855662 0.4745965028
0.3203468775 0.2329443885
0.9666581929 0.0568622351
0.9001587210 0.9722767634
0.1076581281 0.3887353984
0.1233452214 0.4712367351
0.4080976023 0.3736375704
0.5489470812 0.6557371342
0.1775400754 0.7906009959
0.0955623319 0.7012067117
0.7616822452 0.7118935104
0.9497361950 0.3293222628
0.2708949945 0.5017718516
0.1807920916 0.7698074003
0.7115702923 0.2939765006
0.2021485526 0.6076656082
0.7994799947 0.0301519950
0.0990502371 0.6239099825
0.4423593068 0.9821970142
0.6287738932 0.7817981619
0.9931858149 0.1786183387
0.3917526943 0.7107753708
0.8961331033 0.3082838464
0.2706955085 0.3967746367
0.2739353541 0.4845394953
0.7396602244 0.3002178618
0.3384072882 0.7184755144
0.0561732832 0.7920072810
0.2451217840 0.0721977210
0.6668701872 0.6229918045
0.1587550737 0.2412801119
0.3807646980 0.1238382819
0.8473673439 0.7501446041
0.9941371440 0.9699327653
0.0818944685 0.0349350431
0.0871651910 0.6398824646
0.4813842225 0.4355222698
0.6548031447 0.1463842774
0.2150182655 0.5215974259
0.0830487988 0.2246709462
0.1487189178 0.2373811907
0.7366192783 0.9264414881
0.6071477878 0.0652969552
0.0851908074 0.4861275346
0.9111607859 0.7810257534
0.8627394443 0.4015429607
0.2462919695 0.4006821124
0.2281531494 0.9024088196
0.2195967736 0.6054189041
0.2751679172 0.3679418925
0.6701926821 0.2695910577
0.5258141488 0.7986392935
0.9130929794 0.7156771190
0.2339415186 0.1475879996
0.6164379334 0.9724785900
0.4240238060 0.1730727087
0.9389844783 0.6226871190
0.5953281558 0.4869511279
0.3877238870 0.7917301318
0.9326656065 0.6422110022
0.0947549116 0.4518751516
0.6823226247 0.4283182944
0.8580470105 0.4938943990
0.0754066762 0.0244119570
0.3424867183 0.9531605624
0.8107209496 0.2980948108
0.2956077683 0.3678656160
0.6454167716 0.3315168937
0.4966633689 0.4941245935
0.0840546732 0.2066413481
0.4282068922 0.5060466465
0.5053380810 0.1880297027
0.3361050957 0.3684257940
0.3206663169 0.7041776323
0.4269156823 0.2855245471
0.9197865871 0.9473781765
0.4408189950 0.0014933306
0.2262070439 0.4872844726
0.7338013053 0.2562894008
0.6586664392 0.0247894208
0.3045449605 0.8855292040
0.1748380078 0.3005351039
0.9094887134 0.8935278559
0.8595786561 0.2163099986
0.5237788206 0.3258509792
0.2124167377 0.4277872097
0.9263401586 0.9210227560
0.8876052311 0.0235025942
0.1140535064 0.3306060723
0.1449492310 0.4176667467
0.5830336049 0.1626897570
0.6807499514 0.2533499467
0.2542600624 0.2258886736
0.8255898881 0.9377750516
0.9663213039 0.1292827128
0.3193172778 0.4128977891
0.0097891698 0.8282910714
0.0034696685 0.9021502536
0.1357499487 0.7972984492
0.8075104879 0.6681675948
0.8352750781 0.2569200320
0.3476343413 0.2665143311
0.4571232459 0.2871126853
0.3055301655 0.3868708287
0.9077223521 0.7169098749
0.5093737859 0.1358371113
0.2604886567 0.3973781327
0.3004546055 0.5344553947
0.5907976657 0.8364634554
0.3362236093 0.0787484115
0.7484291983 0.2027160159
0.4541830311 0.4430162819
0.5810671031 0.3894520459
0.6009204316 0.7933294629
0.3304416624 0.1717322325
0.1167232139 0.7226007947
0.5369605786 0.4856057099
0.8585920263 0.5188151510
0.8091825365 0.5123897452
0.7431044770 0.3344403338
0.2412445299 0.5603251654
0.2954635370 0.8377380424
0.0943628288 0.7017677760
0.7021974543 0.0956395806
0.5977842496 0.7461465751
0.6823611450 0.7630455462
0.3700731782 0.4072398514
0.2157218476 0.1348545838
0.0133769277 0.4578903147
0.7962942395 0.2547215442
0.8913201758 0.2561011987
0.4157234876 0.0684905792
0.9654368071 0.2735250419
0.9233974690 0.5604436516
0.8355555697 0.1606774469
0.7588017095 0.9169514188
0.8063135627 0.4427785893
0.3065140634 0.0248072427
0.8849793152 0.1559452154
0.2853686542 0.0304713759
0.1050253582 0.6055263986
0.6507012764 0.2616478115
0.4653977198 0.9566964444
0.4622215141 0.5440605676
0.0771875334 0.5519891758
0.0499396114 0.8339926455
0.8174181586 0.6912771497
0.5967088347 0.1310956478
0.9039184900 0.1067708967
0.9483268694 0.8361730785
0.3257614216 0.5189324027
0.0607726584 0.0750866190
0.9905038531 0.4687683555
0.9990382399 0.0226287236
0.7824728644 0.0877882986
0.8131470188 0.9291512868
0.4656000536 0.5889834982
0.9343339148 0.3779348559
0.5098139686 0.0405025456
0.9579946979 0.2827282587
0.4717588778 0.4182699664
0.8098951259 0.2725840862
0.5186150419 0.0246146513
0.3282631198 0.4050602434
0.0480540605 0.1070448598
0.2367701807 0.5990538443
0.1278708660 0.9146271537
0.3320407493 0.7849783642
0.6555909710 0.4889970616
0.4642115710 0.5326905980
0.7213601198 0.2028489409
0.5501952050 0.8365192350
0.6466811159 0.4308236068
0.4266854082 0.8119422729
0.5670700057 0.7660321579
0.8235743577 0.2899055510
0.2284622906 0.8800247858
0.1183345630 0.6824701656
0.8752072113 0.4648337230
0.8180517197 0.0374219504
0.7217458152 0.6927899198
0.9081765209 0.8996713010
0.5205768366 0.2831329287
0.3056973012 0.4537169197
0.1658720349 0.5740045087
0.6593175146 0.4341428312
0.1051098741 0.9642359953
0.6503551709 0.4600624030
0.5703554839 0.7114102759
0.7654639390 0.7746196135
0.2863211482 0.3509994153
0.2359089935 0.8521020302
0.3641007376 0.9359492964
0.4680123491 0.9729160207
0.5474784574 0.8869027552
0.8255169237 0.6606195265
0.8429702977 0.4903234576
0.0669993947 0.8254035163
0.8352646548 0.9851024802
0.0900968235 0.5648581669
0.6664859618 0.7378004893
0.8891927937 0.8355551300
0.7407134324 0.2224980680
0.7943433541 0.6279230380
0.7044444624 0.3932978218
0.1266047336 0.8520880007
0.1492002981 0.5658414357
0.3785579751 0.8737968008
0.7842291768 0.1087756040
0.9087088406 0.5272353681
0.5352701762 0.0869212221
0.9245732029 0.4755006341
0.1395987006 0.4949698953
0.2216420830 0.9896791885
0.3280823949 0.8738529091
0.7440523761 0.5739313727
0.6117338408 0.9114975797
0.5376726532 0.3766747166
0.0232548587 0.0955062617
0.0774461077 0.9969062594
0.9033240958 0.6073640514
0.2682153640 0.1198980752
0.9668882647 0.4261009994
0.6418868747 0.3979462726
0.4364748893 0.0439050211
0.4036755377 0.1295483687
0.9875517225 0.2870025907
0.0163025589 0.5843297837
0.6152170040 0.4821936329
0.9534028573 0.2712353698
0.3020111196 0.6127484794
0.1020308138 0.0539470817
0.5433992062 0.1669440394
0.0490362537 0.7801841356
0.3704814065 0.0983370283
0.1472149305 0.0104878402
0.4987454129 0.6889430960
0.8245211875 0.5072877668
0.6271840317 0.1348094985
0.0732627277 0.3764920248
0.7138577242 0.3580409248
0.4360805401 0.1415394221
0.2619907522 0.8901570414
0.0916498301 0.5737960131
0.2649463991 0.6687317201
0.8354204210 0.8033752848
0.4789352972 0.2425833902
0.8493482434 0.0909048341
0.1190683287 0.1903565073
0.1594519353 0.6534590946
0.9073736834 0.5231550546
0.5911617614 0.1068221119
0.6406548675 0.4639582342
0.8498105371 0.4114400534
0.0915750271 0.2748696820
0.0772494025 0.6908686002
0.1081104810 0.7378214385
0.8654537825 0.9292149789
0.2345234789 0.4851743552
0.2441179434 0.3480208239
0.0412635833 0.6237268748
0.6016190871 0.2132261804
0.6217129998 0.9989645979
0.8473650974 0.9293010647
0.3904505998 0.0059529230
0.3784225298 0.5403262492
0.4007161185 0.0690959124
0.5744543962 0.1767496338
0.8880144861 0.7850547035
0.6123800937 0.5617409037
0.6423076364 0.2514384794
0.3658028545 0.4225112124
0.1129991771 0.2884524754
0.0341323339 0.5396613431
0.8589250380 0.1015067005
0.9324633180 0.2115658971
0.0698210876 0.4298600877
0.5656542118 0.1109971068
0.4062463728 0.3796947003
0.7086817318 0.8676368580
0.3316987715 0.9495852453
0.7202307361 0.2228209914
0.4436671051 0.7221490420
0.7276116697 0.2718051949
0.0496223013 0.3177324857
0.6384801590 0.1340369547
0.3794572570 0.9843097823
0.1584665475 0.3733637563
0.3776433933 0.1323403240
0.1237057601 0.6278025061
0.9763797663 0.7141514390
0.4933910941 0.2024409479
0.1152675038 0.0944835290
0.2898574091 0.8292367901
0.5435517362 0.4621546764
0.6223334478 0.4039257809
0.6177292884 0.8923723663
0.6853842762 0.2729453612
0.8903294900 0.8850404398
0.2841989099 0.5622254011
0.2749326559 0.5764792004
0.0062600350 0.1148933868
0.9679987581 0.8502973501
0.6325665811 0.8363864632
0.1098365928 0.2577245798
0.7614614301 0.6331579569
0.3750514839 0.9985339343
0.9042505292 0.6751115388
0.2970679388 0.2107533989
0.5041819332 0.4120913160
0.1518300913 0.4706866888
0.4289860676 0.6312017040
0.6525426239 0.7143328072
0.4920614416 0.8544257528
0.5403207240 0.7571155141
0.4685230834 0.5449566696
0.3948764202 0.2109027789
0.8897132292 0.9158517284
0.6348768115 0.8756174951
0.6234072091 0.6160637847
0.7293662958 0.6173109463
0.8768297370 0.2066004787
0.0996539300 0.3353903506
0.7957302349 0.1335068814
0.0553241603 0.8687626632
0.2751479591 0.8545621298
0.3785372892 0.5939769353
0.9461310381 0.8830265975
0.8475436203 0.0280176107
0.5575561675 0.7744707894
0.0733432842 0.9642219449
0.1333282863 0.5016629878
0.5126814080 0.5418644247
0.3526229021 0.2376876933
0.4160761207 0.1782720102
0.5744660042 0.2989121594
0.7713346594 0.4769040404
0.8078295614 0.8871139667
0.0110209184 0.0656505289
0.7145535354 0.3140276574
0.3665951028 0.8166738963
0.4247878686 0.5917636673
0.2724544852 0.0524384883
0.5432809094 0.6289983451
0.1498616831 0.1521431926
0.2297235270 0.7855290814
0.2337549655 0.4385924131
0.6474909119 0.2067336914
0.8446926607 0.3476112799
0.3925070496 0.1846689633
0.6536917585 0.6604309214
0.7375892345 0.7739878891
0.0394785249 0.0140401863
0.6575134694 0.0285512321
0.5956767361 0.9953207475
0.6361737714 0.5185538129
0.2097169758 0.8718521132
0.1995916577 0.2381812429
0.9057582996 0.4155940198
0.9671645205 0.6202585768
0.8206712177 0.3352239585
0.7684249173 0.1370471235
0.2651391771 0.5487274670
0.0337150601 0.8852913202
0.8111927067 0.8999094377
0.2345638980 0.6288129737
0.7429995233 0.9508152734
0.6231871554 0.0033948689
0.0094899014 0.1666201980
0.9004130644 0.9763918420
0.0254064852 0.1503665017
0.7274696069 0.1974524015
0.2816237632 0.5819975310
0.1894521255 0.5769289269
0.7460912355 0.1694586934
0.4169223665 0.2850004609
0.4635118915 0.2292054019
0.5769734866 0.3772270006
0.5948751962 0.4792783044
0.3562277568 0.4211993735
0.3772219881 0.2501765272
0.8756171989 0.8241448069
0.1295262094 0.5970800092
0.7004293783 0.0427924703
0.4823361844 0.7315423447
0.2389842969 0.4944999166
0.4668262946 0.7815954360
0.3594402951 0.7825853716
0.9631673680 0.1362784679
0.4966102446 0.7990072325
0.2786319805 0.5339229259
0.8693019255 0.3739765289
0.3026089435 0.6130966834
0.6835793275 0.4047842925
0.7687086356 0.8609296313
0.3584744007 0.8150702037
0.6433990516 0.7656146584
0.8780615121 0.2709548964
0.5561199411 0.5081967780
0.3474400357 0.3119033534
0.4875805124 0.7133349321
0.7100527791 0.4418819309
0.6409537297 0.6195399819
0.3699011126 0.7703174167
0.5349380449 0.5264640672
0.1546005210 0.9925610001
0.8781656537 0.5301352873
0.6538529290 0.8560064453
0.7111934982 0.3666035122
0.4727948973 0.7707058619
0.6353216162 0.6502824215
0.3508139010 0.8922727494
0.6867408790 0.9153432235
0.4138075672 0.8300569577
0.5600204353 0.6468366880
0.0514932918 0.1150211939
0.4367021126 0.9227892906
0.0412591021 0.6994445499
0.6327780556 0.3793403573
0.5761785279 0.0545236953
0.6430846866 0.9580571444
0.7971962529 0.8821372555
0.9311541891 0.2978851203
0.2781227261 0.0634849299
0.9898228682 0.6937610612
0.6669602329 0.2300076022
0.7809030776 0.2597367536
0.3482141611 0.2609404060
0.6514833394 0.3065316851
0.5582275246 0.0870457145
0.2199294029 0.9717531368
0.8592085148 0.4115185915
0.5264164860 0.8255925574
0.2575041278 0.3467524078
0.9508305505 0.5156272266
0.5378056583 0.5095977639
0.0151350849 0.5114270079
0.5773547940 0.8179428939
0.2078066045 0.6629855972
0.5028515614 0.0878894148
0.3947009353 0.5965666024
0.5576483488 0.5434923528
0.2137192264 0.9373746070
0.4579472686 0.5199788262
0.0899012731 0.9705324149
0.8341003444 0.9665547480
0.1530808039 0.6301647055
0.0767456313 0.8363548643
0.3919958793 0.6409604331
0.5373943293 0.0887859656
0.8367548658 0.2274046179
0.5692174157 0.8234593336
0.4258163143 0.0529422692
0.3361630132 0.0151026044
0.4841493633 0.9546563914
0.6671678719 0.4252879750
0.4159983262 0.5986124295
0.4871105197 0.5295076241
0.2986837200 0.3968427516
0.5172848822 0.7170736792
0.5531290108 0.8990134299
0.0055570551 0.5965142895
0.7623111220 0.4001378330
0.2200004399 0.9705837861
0.0105895081 0.6902700174
0.3196870596 0.9326992824
0.8248772417 0.7129326355
0.0024460012 0.5805620318
0.9128749997 0.3961036556
0.0217824014 0.0429166359
0.4140966209 0.0729064436
0.2637836172 0.8718471117
0.3061729202 0.7187187093
0.5797215366 0.3657035053
0.9419280035 0.6972354172
0.9811934885 0.0566985624
0.4319805697 0.8300913723
0.1220260550 0.4224090626
0.7331297763 0.3829697620
0.2147998987 0.8618615218
0.8545438269 0.9956926465
0.6597359594 0.1145778360
0.5517769055 0.6746104297
0.6998160730 0.5949013008
0.2428976337 0.7126767833
0.3583946282 0.5641186108
0.6515205935 0.8059169245
0.7641896288 0.6693395562
0.8582898980 0.6945661735
0.7234251157 0.1407903375
0.0253716646 0.3729772348
0.0600297669 0.8581227236
0.0477700014 0.2844641046
0.8121784630 0.5715360537
0.7807893588 0.9455712208
0.8470975207 0.7949543130
0.2947229984 0.1288267067
0.8359361141 0.2761963618
0.8158563841 0.0738587966
0.8166401140 0.4930221662
0.6271308964 0.1938250525
0.7651466560 0.3241333716
0.2223218272 0.3974239329
0.6938508580 0.9006520909
0.4343423470 0.4563289774
0.8011791325 0.6562966585
0.0912927035 0.8137059735
0.1072358538 0.7634189206
0.9931316993 0.8515436813
0.8278734574 0.4672623760
0.6473559488 0.9128493917
0.4631685646 0.3122464059
0.2538290076 0.3093303753
0.2061695137 0.8917766502
0.8869117602 0.1360031857
0.8139137571 0.5470270539
0.6873019797 0.9612423678
0.5250960958 0.3903347134
0.1464995445 0.3641013471
0.9574017626 0.1352933153
0.2435713618 0.8503076074
0.1724010085 0.4783269731
0.2768978506 0.8941554002
0.2570346996 0.1954711953
0.7228407393 0.7255891014
0.8381035001 0.6932830333
0.3487794921 0.0100905555
0.9198054526 0.4842477886
0.1097221522 0.7535545456
0.3142503066 0.9447453188
0.0657030072 0.6051563819
0.7210110848 0.7575836410
0.6714388849 0.2282860410
0.2041565967 0.6413033274
0.3102219652 0.5629436355
0.4138415325 0.3249015493
0.8707864330 0.6125615096
0.4044129227 0.2393195114
0.4988929627 0.8540380827
0.3121253410 0.0659827561
0.3946330903 0.4918391679
0.4729396975 0.1078787311
0.6719640339 0.5553430526
0.7845130131 0.4301019929
0.8487411952 0.2731755604
0.2463701178 0.8544917367
0.4935243425 0.2491014006
0.6483799175 0.1869325751
0.9196907101 0.7111094892
0.3200430901 0.5060844360
0.5878965268 0.5086486399
0.7017294835 0.9487525470
0.0546857797 0.5925421235
0.2538872354 0.1898041257
0.8880531550 0.4279281676
0.8813782501 0.7334836993
0.9600260817 0.1626451878
0.6174771067 0.2081737672
0.9218380604 0.4018000091
0.7857038466 0.0880940029
0.4690238620 0.1238280104
0.2375432959 0.6531256697
0.2117744507 0.6141742674
0.5502371805 0.5418953627
0.5801480145 0.2897951895
0.2612171418 0.9534457889
0.2142403612 0.9410004683
0.3143802908 0.4092674078
0.7161765810 0.2267254878
0.8982917077 0.0001600714
0.4737932940 0.2251442215
0.7675306141 0.2113388845
0.5051385914 0.4636038992
0.9557801041 0.7443937762
0.9184248582 0.1301821419
0.5128935608 0.2361579445
0.6338269561 0.1037376393
0.5280523719 0.4122352567
0.4715269187 0.0301467859
0.2372641995 0.0068822007
0.5746631283 0.9194873550
0.4558321889 0.7311353502
0.4063504635 0.6422522115
0.9250593752 0.6775202819
0.2366954055 0.2622451630
0.4173348876 0.8123737620
0.1187382260 0.3596320155
0.6048816479 0.6257557825
0.8415114462 0.3696902978
0.7648276240 0.5841235081
0.2439126993 0.4911206112
0.3668961887 0.7623849872
0.5748467892 0.9023540745
0.4698932249 0.9196447076
0.2931004216 0.8651094143
0.6393019260 0.3268997078
0.8146704052 0.7915248672
0.7906789738 0.8551391533
0.2357740121 0.5045087985
0.9621781740 0.1887462897
0.9865284355 0.7305250235
0.5244113664 0.5417966919
0.7032930842 0.3298474187
0.7469879546 0.9237921493
0.3469276322 0.8913903030
0.9584584611 0.8265647291
0.7397253281 0.0975398624
0.7600194311 0.1855311153
0.2455395124 0.6989836211
0.8832204888 0.6061721971
0.2756291504 0.0303541009
0.3180464190 0.1405588231
0.6670065695 0.7445739890
0.2801307140 0.3489391437
0.7505788276 0.8471098397
0.4344894746 0.9878492642
0.1031317849 0.1709120975
0.5480471286 0.4289031389
0.5602136137 0.1486391159
0.4043588165 0.8313639863
0.0562327028 0.1108337114
0.3813166198 0.1667939628
0.2535921232 0.3670403383
0.5662599781 0.4255249477
0.7244413458 0.0114221786
0.6627928142 0.7223876149
0.6566330203 0.7352569886
0.2297439440 0.5630825155
0.6697310804 0.9257612301
0.9850885437 0.2327708930
0.3474235075 0.9840123553
0.0062826931 0.1249095585
0.5194518649 0.1043093077
0.6633448150 0.8410480502
0.1591765308 0.7231314638
0.0321514291 0.0612532509
0.0021550410 0.4679269746
0.3527966992 0.5100203842
0.6366185022 0.7142813868
0.8214988033 0.8239755762
0.8684889168 0.7945879976
0.6344181938 0.7653704079
0.6215880613 0.4921613325
0.7378865069 0.0193137045
0.4979463225 0.7018061421
0.1819267951 0.7628815681
0.3936278025 0.0411737013
0.3225792452 0.3006919151
0.2422456490 0.7568083931
0.3734291098 0.3242248414
0.0413497665 0.4846073053
0.9678663180 0.7711157651
0.8061262155 0.2964859510
0.4609890415 0.8358435082
0.9903561962 0.9933640107
0.6736965378 0.4146803179
0.2163396315 0.7891543806
0.6613993061 0.1554673817
0.8634966781 0.3712602422
0.8759070343 0.3267230365
0.1796180825 0.8201541466
0.7814382092 0.9207875631
0.0992429972 0.0239342748
0.5843277580 0.7621532211
0.8804010026 0.0333225967
0.2408919967 0.9048231558
0.0039627730 0.2683907289
0.3190426405 0.2714889632
0.5191012056 0.6103688261
0.6066251533 0.3125111209
0.1638735424 0.1902137387
0.5830887421 0.4441326214
0.1416919009 0.1201827589
0.0009788036 0.1630505359
0.3924580189 0.5054795764
0.8598746921 0.0284166343
0.5613957163 0.8201093525
0.9977793738 0.1525324616
0.6391221000 0.1344003730
0.3735995521 0.4479503852
0.4232570144 0.7412195214
0.8692380936 0.6413867904
0.5348769389 0.4437299952
0.1009534312 0.9837996137
0.7123788391 0.1396088114
0.2970230264 0.6611770355
0.5008258699 0.3649633820
0.7723812126 0.1420297367
0.2566055349 0.1457552219
0.9107845592 0.0852748434
0.5952382130 0.8453606480
0.8511902220 0.9761440300
0.0244324850 0.6939673322
0.2674159858 0.3579447798
0.5249903063 0.3388270407
0.7287837271 0.3839480553
0.2689242291 0.0639540480
0.1343299456 0.4263713581
0.4971557543 0.2936802137
0.6243010003 0.6483718879
0.8184219656 0.6165470425
0.1900324024 0.7701589114
0.8365257260 0.8443358682
0.9269452913 0.7417807179
0.0648219460 0.5556074975
0.5052751410 0.6728360626
0.5448407615 0.1639430969
0.9692812674 0.1633058325
0.4502059677 0.7981479611
0.4180681930 0.1298957725
0.2275151208 0.1850008167
0.4697826959 0.3287265181
0.5026051059 0.2847009602
0.6658333828 0.0379022657
0.0636352626 0.6449862920
0.1329121269 0.7824348809
0.7216779012 0.3119653602
0.8879801152 0.5591960626
0.7450132393 0.6640270501
0.1450132092 0.7510140564
0.8650846256 0.7197617126
0.8621849174 0.8067286292
0.5600767826 0.3116477210
0.5542976430 0.8079616675
0.4363382999 0.0143282159
0.0876558190 0.2435572729
0.0483768730 0.8696225894
0.7732073665 0.6690894984
0.4249141389 0.7599879300
0.5786627458 0.4415323393
0.9014942935 0.7479656054
0.6914334947 0.3881306717
0.5993986542 0.8212190818
0.9816153636 0.0937072988
0.0361264277 0.2610885772
0.1378733736 0.4720856017
0.9044592951 0.2871592310
0.3789695837 0.4250033266
0.0151353797 0.7211592529
0.6798067277 0.6858379426
0.7624164161 0.1605750072
0.3932438013 0.3956594768
0.2423388324 0.5556904099
0.9975724612 0.5655719175
0.3301983830 0.1433282090
0.4544262955 0.3419998393
0.6068247580 0.4063909381
0.3230269671 0.9105219419
0.0124612581 0.1003698939
0.3440550913 0.9490486969
0.5025714801 0.4163105772
0.6800656897 0.7725863060
0.7816542855 0.0342934368
0.3792512895 0.6995252295
0.3991539244 0.1623091978
0.9154886821 0.7133356450
0.1058125186 0.6524779851
0.8499873649 0.1937488043
0.3893177006 0.9398822507
0.7584918691 0.3479477445
0.5348575668 0.8588535178
0.5728714763 0.9849860928
0.3892020820 0.3573732201
0.3970648520 0.4455999091
0.2461880794 0.7523186310
0.6747292367 0.8247714048
0.9169931458 0.4466045800
0.3095768397 0.1058501375
0.1003408750 0.9638425504
0.9692640985 0.4627314719
0.6257883725 0.7469586029
0.3398317891 0.7805381292
0.0075042824 0.4142823491
0.5400774972 0.3954456764
0.0164537950 0.0699389012
0.2538739576 0.1607378066
0.6556645663 0.8249467889
0.3933302285 0.2088734427
0.0062553159 0.9012443418
0.2668252732 0.1982921016
0.9011671877 0.5629380571
0.2933260754 0.4088795692
0.2790449346 0.6473863557
0.2780357016 0.7814617733
0.3724735712 0.6533024782
0.1442991678 0.8843889889
0.5927835537 0.1838809477
0.8028278429 0.8342190417
0.0878951685 0.0400216313
0.5316861289 0.3977022952
0.4701814433 0.4120467035
0.8391168437 0.8587176183
0.1380855998 0.4278750639
0.2861643193 0.7465029757
0.9482376650 0.7814400026
0.1571874431 0.1904701360
0.7340725662 0.2872057107
0.1837375229 0.4920879680
0.3124594839 0.9849585479
0.7509085318 0.4857644603
0.1716104269 0.8536195619
0.1451501706 0.3983524860
0.9915435255 0.2836448458
0.4386673036 0.2108499963
0.5126347846 0.2046506039
0.5479114825 0.9760605319
0.0382992337 0.1682204559
0.8523037871 0.1524251695
