20
0.0000000000 0.0000000000
0.1157187115 0.1003797633
0.2303540165 0.2457739941
0.2571913288 0.3829433018
0.1349345318 0.8741934287
0.2499665181 0.5339153063
0.1975329181 0.7354494148
0.1125001979 0.6783519621
0.2645029074 0.4957924301
0.2971304459 0.7712937315
0.6861129294 0.6417322002
0.1091507841 0.8154233770
0.2251778153 0.7218302101
0.6714973993 0.8401720378
0.5373845936 0.9008345985
0.7815653991 0.6044622293
0.4937181191 0.7130529441
0.2373329556 0.6050028701
0.9217511759 0.6872104759
1.0000000000 1.0000000000