200
0.633803628 0.224819036
0.674128355 0.992015909
0.562706553 0.943090496
0.630840552 0.968869511
0.12730951 0.285240976
0.212625206 0.271436834
0.363221621 0.625379269
0.343848218 0.12596196
0.755592757 0.29134831
0.062562014 0.004842647
0.294839517 0.262231453
0.062079584 0.108923146
0.474778127 0.379592467
0.333295686 0.340831224
0.923135543 0.847626645
0.754465216 0.252055748
0.050700542 0.407751027
0.06206333 0.572437772
0.832914041 0.464764379
0.7545153 0.83797524
0.596488445 0.614558412
0.129998804 0.321316969
0.473683644 0.47746346
0.840185011 0.939049126
0.008157364 0.476663431
0.05369867 0.060853396
0.248845807 0.217716538
0.566242461 0.177842562
0.552120093 0.42306956
0.968743539 0.200856376
0.227503044 0.954555365
0.290545318 0.754226439
0.108519485 0.317214478
0.371581444 0.206495604
0.107792988 0.179383572
0.585632247 0.336804533
0.824290345 0.866844958
0.43617915 0.474133586
0.310654626 0.492932795
0.977035663 0.666315623
0.179856571 0.371843453
0.971847878 0.936711552
0.332932892 0.628998725
0.199721964 0.96866695
0.723369758 0.470162571
0.338649401 0.621344658
0.738727853 0.400113138
0.414065311 0.525255276
0.976395569 0.792023796
0.8867892 0.631782938
0.417894838 0.600308247
0.07276141 0.998231902
0.264954129 0.682536433
0.736402546 0.278394284
0.990601616 0.150129465
0.380087573 0.358367603
0.479820679 0.402893366
0.964139891 0.328325597
0.486849116 0.01905311
0.534915083 0.513174056
0.019992657 0.470299731
0.512957906 0.598498441
0.679861564 0.710465129
0.198880356 0.982937798
0.423229674 0.046790655
0.391522285 0.364095412
0.702252621 0.344356964
0.881120927 0.222323098
0.437572363 0.53709445
0.979628576 0.305193474
0.823873592 0.622895048
0.180982847 0.435199753
0.537746515 0.805697524
0.506047425 0.964200522
0.520250154 0.214020248
0.080105204 0.980352489
0.14035879 0.673267057
0.015200288 0.936751414
0.210513507 0.338232907
0.725288638 0.715727703
0.021790056 0.602588031
0.389072085 0.268719713
0.293732541 0.593720731
0.393553601 0.878874335
0.692692856 0.734170489
0.240766721 0.782001436
0.362553119 0.304984701
0.580794921 0.351234505
0.732999087 0.681683596
0.746112162 0.301727033
0.723050623 0.930120128
0.405438677 0.403940745
0.341344136 0.747372465
0.72972088 0.00755773
0.599702343 0.311908599
0.768507983 0.272775823
0.60281379 0.467614327
0.571912237 0.381722756
0.654385577 0.807877113
0.961503458 0.159951215
0.22892021 0.648769942
0.752902851 0.476453425
0.698307828 0.584481013
0.663505068 0.510360893
0.773713072 0.303486713
0.100671391 0.473470518
0.725775619 0.610566415
0.518901343 0.659966334
0.579932317 0.147609841
0.058903742 0.758180994
0.648707621 0.135268873
0.737152296 0.203969205
0.959108528 0.5678574
0.541425259 0.981240691
0.360798893 0.685504286
0.405992297 0.682427825
0.359517376 0.220416121
0.189525864 0.830138705
0.010242127 0.868208234
0.459479023 0.430973759
0.525894372 0.670613471
0.098584474 0.483460135
0.609912391 0.512480272
0.492295118 0.694284741
0.904816045 0.733823013
0.330399207 0.970483386
0.363921384 0.936789069
0.861708245 0.34997025
0.799653845 0.427758644
0.777629101 0.90876799
0.339447571 0.376395018
0.76859626 0.840525877
0.029007215 0.69631445
0.196754152 0.342389554
0.362748544 0.856146297
0.258943485 0.161012792
0.092521709 0.315106049
0.475959527 0.65347791
0.268261721 0.043804619
0.337214558 0.00011857
0.097998703 0.638869935
0.454350418 0.769714629
0.879699625 0.869057206
0.633011738 0.382255685
0.953702997 0.100876994
0.858903615 0.140446459
0.35204607 0.943370876
0.312422445 0.408353668
0.579774104 0.624516415
0.17556225 0.204070473
0.753359486 0.065844849
0.175462748 0.943001551
0.14264815 0.357206182
0.52087988 0.319347747
0.015289652 0.35021813
0.131023381 0.345596622
0.566396 0.386786664
0.830619924 0.38330118
0.631214021 0.758188048
0.490724525 0.593155672
0.824884296 0.350553053
0.931717212 0.60835435
0.730899849 0.074196115
0.773085407 0.392445163
0.768665431 0.097083661
0.314007367 0.181367109
0.410598691 0.606837323
0.959415165 0.129086558
0.490502751 0.811019379
0.668130639 0.777224508
0.44747892 0.152049258
0.392831122 0.751292865
0.483437448 0.260951452
0.506016222 0.149635174
0.777303269 0.00323726
0.761810769 0.935892865
0.095302876 0.080573172
0.43035341 0.271795435
0.364256891 0.043491925
0.859683741 0.134299156
0.033593179 0.243252069
0.869455925 0.749575365
0.341832827 0.205055038
0.061469822 0.346076367
0.924592046 0.140178813
0.343925355 0.479883082
0.553680658 0.831190332
0.709469577 0.717765562
0.18066792 0.922248842
0.581520304 0.776863559
0.873324906 0.725615295
0.849013595 0.314621443
0.679642038 0.015833409
0.046637373 0.438588008
0.93165929 0.924650302
0.005776629 0.662918171
0.010135546 0.972595828
0.700810158 0.476890482
0.131123073 0.477241186
0.946063017 0.910480566
