100,40,88
39,17
35,31
82,19
89,42
81,43
51,18
30,5
30,46
32,25
78,49
47,88
73,4
37,13
45,76
27,41
100,51
65,34
10,77
28,39
3,95
85,8
10,39
87,5
78,61
50,62
16,24
77,83
13,28
99,11
17,80
59,63
81,95
39,91
65,18
38,72
21,15
75,77
99,75
54,54
57,12
79,96
59,98
94,97
94,84
72,70
58,1
8,95
75,43
9,94
67,66
60,46
92,40
17,26
91,87
28,22
61,59
83,27
22,70
60,29
46,36
70,23
26,44
48,84
49,57
42,31
38,52
47,6
80,5
84,19
62,35
90,37
73,86
75,86
10,2
5,72
12,3
28,96
33,49
70,85
80,52
29,79
66,75
54,27
14,34
16,4
71,92
95,32
14,56
74,8
40,41
96,26
59,76
51,42
72,42
73,56
41,6
18,11
72,98
90,40
65,5
45,23
62,97
26,7
41,77
64,100
94,100
96,9
84,43
100,15
17,79
77,31
88,4
96,29
26,90
25,91
18,24
88,79
71,22
33,27
88,59
73,75
84,40
19,99
53,70
64,55
14,95
4,85
14,26
16,52
76,92
4,86
39,28
25,1
98,52
4,72
83,59
80,71
57,99
2,42
74,63
54,25
49,59
58,93
4,65
87,47
50,19
19,37
51,94
78,34
90,59
91,79
96,78
11,10
45,79
77,47
22,45
36,22
38,88
24,68
17,62
67,24
4,43
84,69
77,10
96,43
57,7
83,56
23,50
87,78
4,40
65,2
19,79
88,93
27,4
80,23
33,4
31,88
49,58
5,90
79,47
37,36
56,76
7,96
62,86
2,4
76,20
28,6
58,49
11,75
79,43
56,46
71,15
43,39
11,62
86,81
77,6
67,51
5,92
58,7
13,13
67,27
50,2
16,66
1,89
56,25
48,99
36,12
24,94
98,26
13,71
74,33
26,82
92,9
100,27
77,58
95,69
46,93
28,33
40,29
70,37
83,35
62,8
100,76
79,69
82,70
65,67
95,64
40,60
85,95
28,61
60,12
86,20
44,1
40,87
80,60
86,94
16,86
62,75
9,38
39,5
86,41
56,60
28,38
17,85
10,1
24,24
27,17
13,62
48,63
90,42
49,19
31,82
72,39
17,74
72,30
38,70
86,69
29,9
51,21
2,18
25,71
42,18
3,53
10,47
80,45
18,50
53,24
1,78
73,72
26,99
87,87
29,15
55,7
91,10
76,2
95,24
100,98
62,68
51,32
47,35
86,27
90,75
25,21
11,2
36,18
54,21
3,49
90,84
96,35
98,1
60,37
10,10
47,81
45,58
90,88
58,24
50,29
71,58
41,36
9,57
47,52
64,82
42,69
21,22
30,40
24,72
69,100
6,56
22,85
58,81
51,77
99,88
74,13
15,20
76,78
87,37
32,13
73,77
50,78
19,39
57,24
7,6
75,94
57,70
98,49
1,62
49,27
50,84
83,47
10,48
89,11
75,97
51,97
49,77
77,54
10,22
39,57
27,20
63,61
46,55
68,79
94,15
64,62
69,47
1,9
75,92
86,14
81,35
89,2
12,71
7,16
83,97
41,46
18,48
68,20
81,65
44,93
60,25
71,68
88,86
5,78
86,100
27,74
5,6
24,100
10,41
84,79
80,66
90,34
26,37
19,72
16,93
48,59
78,22
21,92
64,30
30,76
38,50
87,18
13,31
26,92
82,8
86,29
71,61
92,83
12,57
2,41
71,14
97,48
52,59
13,53
23,38
21,3
43,23
34,51
45,8
93,67
100,9
20,80
22,60
10,26
80,12
5,2
86,62
41,98
62,91
31,32
17,78
70,72
79,74
89,17
29,96
73,28
76,76
50,12
54,15
24,15
40,18
22,16
56,77
53,81
28,58
78,100
97,19
27,33
74,11
71,70
46,22
52,41
62,17
10,25
79,18
17,69
76,81
24,26
33,69
53,13
74,39
10,92
91,62
69,89
100,1
28,52
24,91
22,14
68,88
18,84
74,60
61,57
65,20
95,98
28,81
32,24
59,89
82,78
68,40
45,85
16,26
66,38
7,10
74,9
39,63
39,58
64,24
55,91
85,58
42,52
48,29
40,77
30,35
84,29
98,98
47,51
23,63
38,66
73,95
46,21
100,92
50,42
59,31
8,62
38,60
76,57
84,10
13,56
25,40
70,27
31,77
35,92
40,35
17,35
45,38
20,31
35,53
37,63
17,89
13,54
35,81
97,100
55,90
71,16
78,43
42,43
70,36
76,36
80,84
88,43
28,66
56,94
90,82
37,55
82,33
56,62
53,40
25,81
2,36
9,77
15,42
13,19
15,19
60,27
32,15
92,61
81,21
58,98
2,39
10,4
67,8
26,38
74,19
100,60
5,34
26,19
29,16
5,61
58,94
50,37
59,58
14,28
1,23
23,81
68,54
84,57
68,33
17,64
28,11
4,93
87,21
3,54
36,14
27,9
55,20
2,14
98,88
59,2
93,26
36,67
95,93
56,52
19,74
83,31
38,26
35,5
20,41
11,25
22,77
67,81
52,11
61,45
73,40
57,20
31,69
66,3
26,70
93,29
91,64
39,89
31,70
74,17
80,80
23,96
78,50
38,27
47,55
72,71
81,15
15,3
38,16
32,30
88,23
29,13
90,100
40,55
54,10
43,1
35,59
69,80
26,10
15,86
71,86
45,62
82,18
27,88
90,81
47,61
5,80
55,11
65,51
18,42
7,12
21,61
65,57
64,16
11,70
60,44
89,65
54,73
65,94
65,98
38,56
91,76
37,75
81,33
84,17
72,27
47,22
41,8
100,10
85,25
100,65
9,55
79,42
62,14
4,48
68,87
91,21
61,31
31,49
29,75
100,95
86,35
85,100
91,30
8,80
84,6
100,89
60,3
12,35
45,22
48,41
92,2
67,40
22,10
54,32
87,58
36,1
97,23
37,9
1,44
35,42
14,33
41,64
73,90
18,37
48,83
4,32
77,46
13,69
53,14
73,64
36,61
11,91
26,64
59,74
4,24
35,99
26,77
25,65
10,70
21,13
1,67
98,47
53,28
32,52
83,44
66,59
69,82
31,72
76,43
76,90
16,92
9,18
26,84
29,22
72,21
46,46
58,70
73,43
70,47
30,23
51,75
27,95
94,43
92,84
77,91
15,82
34,66
57,18
35,28
49,11
38,71
72,96
26,8
52,2
79,99
19,32
15,97
79,88
49,38
51,62
93,19
56,18
80,25
38,21
19,63
9,79
6,5
13,37
76,25
92,97
95,52
20,90
95,20
60,14
70,18
99,5
10,59
70,52
3,80
17,86
7,11
92,12
43,47
57,52
98,89
28,89
35,47
81,85
95,92
88,10
1,50
98,25
81,62
59,5
63,97
57,17
12,65
33,77
13,87
3,37
81,88
92,76
60,49
36,3
41,50
73,85
97,98
40,96
95,14
99,3
39,59
55,76
51,85
20,54
85,10
37,62
63,59
67,64
36,13
86,52
46,31
27,80
80,62
32,47
95,75
84,39
60,39
1,33
48,92
53,52
80,57
22,83
47,38
30,37
2,73
76,17
14,78
29,74
99,77
55,96
44,42
66,100
34,50
90,38
45,83
83,71
32,92
75,34
88,58
34,95
3,85
45,94
48,73
24,28
66,14
25,85
39,31
34,48
55,12
88,47
76,41
27,53
59,40
16,90
54,71
53,66
54,65
71,51
25,93
52,74
34,14
92,90
28,98
93,6
80,81
75,10
94,4
5,64
95,57
86,66
45,12
100,75
94,62
9,93
34,83
35,80
70,90
81,22
100,90
21,25
20,3
79,19
33,33
52,79
9,76
95,68
42,3
44,79
61,24
46,65
25,97
28,16
82,36
25,17
1,48
60,99
99,56
53,90
20,16
89,36
50,81
96,48
78,73
44,59
66,67
11,40
59,100
18,23
62,46
42,20
82,56
64,66
99,27
41,59
20,62
30,16
66,24
60,91
90,32
16,28
62,34
30,91
44,88
94,87
63,55
47,79
71,73
65,60
96,63
12,99
2,97
21,44
78,56
37,74
78,81
56,85
66,47
60,86
31,75
75,76
5,81
9,75
83,28
28,97
72,89
17,48
7,71
27,26
94,91
26,72
22,19
86,99
52,20
30,44
53,86
32,97
97,3
21,65
18,63
64,3
81,38
99,78
31,90
53,95
41,86
54,93
21,47
3,51
16,64
100,50
70,32
62,19
48,37
84,21
1,86
64,83
27,39
76,75
33,73
76,24
52,89
10,67
4,90
7,13
70,5
45,51
21,98
87,75
37,35
94,66
89,28
100,38
20,7
63,16
30,45
37,7
44,2
9,31
71,96
8,84
63,82
33,97
7,45
87,92
39,92
31,89
19,60
51,33
44,72
59,51
86,13
46,73
33,20
90,51
27,37
63,86
46,70
24,2
74,10
86,64
52,12
74,24
1,30
84,45
51,13
39,40
69,12
42,25
63,42
48,45
54,81
77,12
15,90
20,79
100,91
23,89
91,66
85,99
87,12
23,17
91,48
34,24
86,47
97,46
19,17
40,42
7,23
26,42
14,70
79,92
43,64
40,74
60,98
27,78
70,93
77,67
63,67
75,64
72,17
81,91
54,72
39,16
36,35
34,12
22,47
12,50
47,13
25,49
69,23
54,20
27,35
30,73
12,97
10,68
62,87
7,31
27,6
78,26
91,14
38,65
10,21
90,22
5,29
5,94
99,1
89,97
7,92
22,72
97,17
87,49
54,53
99,97
14,61
85,75
9,95
67,44
97,40
35,68
75,60
65,87
49,46
43,84
43,66
78,30
58,65
46,88
31,47
31,39
32,44
91,50
92,26
87,39
29,40
73,35
19,80
26,59
91,82
56,55
62,15
69,31
69,8
6,42
43,45
100,30
84,25
48,2
12,46
84,28
60,62
67,55
88,7
6,49
12,77
27,16
93,25
98,41
21,40
76,85
80,44
95,84
87,3
32,86
68,48
83,79
41,2
77,16
7,94
6,10
39,62
66,79
36,79
85,85
58,47
13,98
43,48
46,45
9,29
82,48
14,35
15,87
2,23
79,4
9,84
81,32
75,20
26,61
74,47
59,28
30,8
17,68
74,52
20,92
2,87
92,66
27,63
73,69
83,67
92,60
30,72
11,26
29,29
4,27
29,24
60,95
14,98
14,25
92,41
78,72
59,83
76,100
33,2
30,49
22,6
97,63
59,99
32,45
50,71
54,29
6,86
4,29
20,40
77,27
4,13
29,81
72,16
16,56
45,54
23,74
31,4
73,71
83,62
36,50
72,13
40,25
74,40
55,42
22,74
7,48
100,84
90,30
80,87
21,51
59,25
59,72
12,62
29,33
10,51
40,76
39,65
92,95
31,16
90,35
90,71
39,76
49,36
47,47
35,2
57,66
63,99
30,89
28,69
69,45
53,56
41,17
91,32
22,98
20,72
61,84
22,55
100,44
25,23
47,29
85,27
72,48
47,45
86,46
85,60
18,100
64,93
32,72
63,68
72,1
78,5
48,51
39,73
96,7
10,46
97,96
38,37
29,30
43,69
81,79
25,45
21,16
17,75
32,59
52,7
39,4
45,28
17,60
90,17
74,1
39,83
36,91
13,14
98,65
61,48
20,6
62,79
37,64
2,74
28,70
64,43
17,2
89,15
80,91
30,68
89,91
71,44
67,17
46,9
50,80
100,88
44,48
86,60
96,57
14,7
6,95
63,49
53,63
26,22
40,50
63,17
33,32
91,54
80,24
8,36
62,56
32,90
81,7
20,47
73,91
31,93
88,1
57,77
69,16
86,70
96,94
41,1
76,10
99,79
14,24
73,9
59,18
29,95
16,11
43,62
39,81
14,40
15,78
44,89
97,14
84,44
13,75
4,42
13,5
55,50
77,81
82,32
33,18
73,60
10,74
33,61
89,100
41,58
52,100
2,96
78,53
65,70
79,7
59,84
88,96
57,53
21,20
10,95
67,96
21,80
65,64
49,64
54,96
46,72
92,8
31,83
25,26
79,87
89,84
23,24
91,36
58,69
51,37
85,72
96,86
46,35
81,49
36,32
54,7
11,88
48,94
43,54
5,3
53,76
24,56
84,54
65,27
59,21
47,74
94,32
88,62
35,39
70,100
66,34
24,65
61,96
13,36
78,75
88,89
16,15
80,26
26,83
96,37
12,60
29,87
44,74
32,96
6,96
67,83
43,81
83,83
1,100
52,54
49,48
77,23
26,68
49,49
1,18
30,78
58,9
57,3
47,4
78,93
25,59
59,80
64,39
18,29
95,39
47,56
52,88
62,21
6,84
40,5
17,41
60,5
75,15
6,12
10,87
41,13
48,25
7,15
95,17
19,5
51,48
28,7
27,70
41,15
3,99
83,73
65,76
92,59
12,70
10,61
34,89
75,35
34,2
57,43
91,52
91,34
70,14
3,35
87,61
51,34
79,25
69,30
66,53
43,3
29,8
21,94
82,79
77,65
35,27
67,16
45,34
27,44
76,99
96,23
61,92
53,57
86,33
41,89
25,89
71,9
86,87
73,83
89,39
64,54
59,26
44,75
79,70
74,94
64,89
28,13
2,65
11,1
37,90
48,48
34,60
95,96
79,100
47,44
44,30
29,21
50,32
64,25
94,24
65,81
80,10
2,6
89,82
56,53
26,74
29,53
11,56
13,89
29,58
48,17
7,88
33,79
3,75
48,49
100,2
63,2
21,17
58,5
61,41
36,95
26,85
31,50
24,84
73,76
9,99
4,98
14,48
97,68
21,95
15,36
94,50
49,60
26,9
73,46
35,16
57,98
40,98
97,76
81,50
66,20
43,42
73,32
42,87
55,69
79,44
5,53
5,24
85,35
89,70
30,28
7,22
36,9
74,2
20,13
30,13
43,18
11,5
15,11
33,85
100,42
30,54
35,84
37,89
68,90
42,28
96,61
84,66
93,20
67,53
99,18
72,46
47,11
62,26
30,84
7,7
61,83
42,63
1,68
99,31
58,54
92,80
68,45
56,61
15,72
43,36
65,41
33,94
16,21
42,93
3,16
93,83
77,28
83,65
37,2
94,31
99,81
12,76
62,12
75,75
31,36
1,21
25,94
45,69
38,81
68,19
57,6
16,3
28,37
13,52
22,80
37,11
87,67
51,70
62,88
85,29
42,53
56,80
29,20
21,63
68,10
66,88
71,45
76,64
74,27
70,29
16,78
21,12
47,50
88,61
10,52
14,9
10,57
94,59
64,23
6,82
98,44
48,65
20,9
29,97
25,86
30,80
69,76
58,56
50,26
46,69
96,20
73,33
67,6
62,65
68,82
21,48
17,81
18,59
9,40
67,41
75,11
67,80
27,15
50,68
22,41
2,34
34,6
94,33
87,44
70,69
71,97
98,3
69,2
41,27
2,53
91,53
33,11
48,87
5,43
43,12
64,35
37,32
21,1
84,81
35,98
48,19
19,70
99,52
42,49
92,74
3,15
97,12
69,75
16,94
34,58
67,85
48,4
100,78
76,14
48,16
60,57
63,73
88,55
72,95
21,42
45,36
60,58
23,95
44,73
42,83
100,59
62,31
31,60
85,54
67,26
35,89
83,26
48,68
50,16
43,57
23,97
96,92
71,60
97,66
17,31
50,49
63,50
46,80
60,93
99,72
4,63
80,29
6,3
47,21
6,30
92,16
17,87
36,20
30,94
82,15
82,14
55,75
57,32
28,30
44,47
64,22
42,61
5,70
71,19
47,90
8,45
97,25
54,83
33,24
24,47
52,8
80,64
96,41
32,42
19,96
65,55
26,2
32,39
13,74
24,4
42,36
22,3
79,14
89,50
70,6
65,9
85,88
12,20
55,95
3,73
33,56
54,36
50,48
90,68
96,14
72,62
85,6
2,64
26,63
33,68
35,38
87,17
50,1
15,100
95,87
78,89
47,70
29,35
25,46
25,55
100,73
27,18
42,64
18,28
33,67
60,53
59,1
87,81
15,27
90,80
43,31
85,65
73,38
91,72
45,15
29,66
45,29
38,53
27,83
100,52
62,23
92,20
96,96
83,72
26,57
46,37
85,79
18,10
68,29
50,97
80,46
45,9
3,90
52,52
67,75
65,79
54,58
91,40
40,3
83,45
15,14
71,85
6,14
8,85
40,11
100,18
4,56
45,59
99,8
95,19
47,32
39,67
46,43
14,69
40,80
2,99
47,64
99,16
13,8
92,19
94,20
28,20
57,95
59,52
74,89
14,87
93,69
99,32
61,16
26,25
95,15
82,98
96,42
8,12
97,26
38,13
43,4
45,82
27,46
84,1
35,4
88,19
55,93
61,75
16,39
60,97
9,10
46,71
64,78
1,20
73,15
13,38
49,35
51,16
89,43
29,56
88,84
12,34
58,26
9,30
96,50
55,72
69,52
70,84
6,83
58,99
43,7
4,84
56,100
97,57
42,51
75,98
69,94
5,19
73,22
54,5
27,56
19,44
17,95
29,70
30,51
94,2
75,40
30,98
90,8
94,89
35,87
76,48
49,7
75,67
41,18
83,74
40,95
96,33
49,23
28,80
30,97
17,66
50,23
7,86
57,67
82,84
96,16
75,2
26,30
76,30
2,95
74,76
96,59
34,33
36,63
78,68
66,15
91,15
81,59
52,19
46,90
38,25
39,99
75,61
8,39
21,4
34,87
75,82
8,76
13,30
80,100
13,66
54,79
75,96
97,59
100,45
62,78
71,43
28,44
3,41
37,44
77,38
46,67
5,97
81,96
32,69
7,53
90,33
64,53
98,20
98,45
63,7
80,36
24,9
29,69
35,45
81,37
16,19
28,14
77,7
76,11
55,55
80,55
15,18
74,67
75,74
38,54
35,90
69,92
94,92
75,21
42,76
53,16
84,31
5,12
55,17
46,85
4,70
50,63
60,88
49,95
54,80
38,99
60,92
44,27
58,2
30,4
61,73
16,84
3,66
13,59
84,77
43,97
53,100
80,50
70,86
22,79
68,38
8,69
37,88
94,60
33,83
80,42
46,58
57,34
43,26
88,11
68,28
96,88
43,40
93,21
7,52
87,55
92,23
48,46
62,84
4,76
85,42
39,69
78,35
73,8
69,1
92,13
4,44
13,57
65,66
89,76
41,39
11,85
97,24
8,58
59,24
15,38
97,31
29,51
70,99
90,78
39,26
91,77
29,28
3,71
49,41
56,67
71,12
41,47
91,6
56,44
93,99
14,46
91,16
84,24
95,16
40,97
87,4
78,14
23,65
28,84
91,19
51,51
24,89
95,89
80,83
65,36
61,69
76,39
67,38
61,5
58,90
9,47
9,42
18,52
67,43
63,14
74,68
90,72
71,83
86,96
56,6
29,39
69,36
63,10
8,4
66,39
83,13
9,97
16,95
71,74
34,90
59,45
81,87
98,39
46,23
16,74
30,86
93,18
20,70
67,78
3,4
6,65
35,93
89,77
20,56
24,42
87,82
69,10
43,60
17,93
86,6
11,66
63,98
42,92
22,13
31,51
17,50
18,3
2,35
77,89
16,29
1,55
95,36
66,52
78,66
92,57
98,50
63,39
13,78
64,76
81,42
58,14
86,68
100,16
14,19
71,77
92,81
96,81
56,71
92,70
28,19
25,39
91,74
21,38
10,42
74,59
4,31
3,97
29,31
72,5
43,73
47,17
85,80
64,49
42,55
100,47
48,39
72,12
89,33
3,68
96,25
50,90
80,7
63,40
59,87
5,89
60,80
54,68
52,69
1,45
91,17
25,14
21,31
84,3
19,82
41,9
53,74
75,62
18,51
38,29
3,26
30,52
100,54
69,69
80,15
27,77
85,89
35,22
51,67
59,47
36,53
96,19
63,35
32,66
91,24
92,15
45,97
75,52
20,34
24,69
34,82
35,61
98,42
4,99
19,67
78,7
77,79
82,80
55,19
7,18
82,28
94,96
27,7
15,29
48,24
13,80
12,83
6,4
29,67
16,49
35,94
8,29
46,16
97,1
90,41
84,48
91,2
3,72
75,13
85,86
28,43
26,32
1,75
11,86
59,14
45,5
90,93
15,93
93,100
51,12
73,58
51,87
6,9
37,45
12,48
80,56
22,11
3,24
4,2
73,48
42,16
4,22
35,3
48,96
57,65
81,92
87,83
48,21
71,13
44,56
32,43
52,47
10,12
82,6
46,34
95,5
69,91
21,43
49,33
82,30
84,34
27,100
66,50
10,29
35,64
47,33
25,64
67,100
11,58
89,58
11,34
100,12
42,45
18,57
78,39
21,78
33,7
86,8
72,82
83,4
64,75
45,13
65,56
87,93
66,13
83,19
12,90
51,54
1,64
97,83
84,88
12,75
47,62
77,92
12,12
12,82
45,71
25,38
40,10
72,25
9,8
47,19
63,25
39,51
14,23
45,3
95,85
12,38
61,97
100,61
79,34
48,11
82,87
49,76
53,59
31,8
60,84
18,62
33,28
22,8
48,12
35,51
59,46
85,30
63,79
14,32
100,34
11,93
52,84
95,8
82,68
21,90
23,52
38,10
43,27
49,16
22,66
74,88
26,60
48,61
15,67
100,32
75,22
78,87
74,34
22,63
57,54
30,7
98,48
29,4
44,82
21,73
92,21
100,28
76,94
78,78
71,72
37,20
45,75
68,30
47,42
60,89
84,83
79,48
96,97
80,59
51,84
84,97
14,12
34,30
43,53
29,36
30,95
96,52
1,80
97,50
62,83
95,1
52,46
81,1
91,95
90,95
34,39
70,45
39,35
1,26
20,37
17,67
47,76
86,25
94,47
35,73
52,61
31,63
29,59
26,89
52,95
16,9
45,87
64,46
12,72
2,91
70,10
93,68
33,41
87,70
21,64
62,98
61,10
9,71
32,46
82,58
58,22
90,21
89,9
12,22
97,99
25,66
99,24
35,43
10,55
35,66
9,15
94,22
14,96
62,62
8,51
32,91
44,19
69,48
19,77
72,100
75,71
83,76
72,74
26,27
50,55
93,66
90,46
42,60
7,19
36,37
98,17
89,83
65,92
3,8
66,41
83,22
47,94
69,66
89,71
86,92
98,83
53,23
17,40
5,46
76,87
32,74
43,10
29,6
21,50
6,7
76,19
98,53
64,34
54,61
35,56
9,96
56,26
21,100
4,30
81,20
64,12
8,13
34,78
82,54
25,47
4,23
13,95
19,6
67,57
49,22
1,51
34,23
67,33
41,11
93,48
50,88
8,33
50,20
56,35
33,84
42,96
49,10
16,31
49,79
22,46
24,29
64,74
61,72
7,65
78,62
96,38
55,37
26,11
37,93
17,23
96,71
22,96
63,27
18,39
58,59
27,62
11,3
5,68
22,50
39,34
19,90
54,26
23,100
93,33
21,79
25,11
40,66
99,85
16,5
6,92
16,46
60,56
25,16
17,15
31,43
80,11
72,19
70,4
93,54
29,80
8,65
39,13
84,55
2,83
70,65
97,21
31,17
64,19
17,73
64,26
28,93
52,57
8,20
60,68
96,53
47,93
9,16
97,28
93,85
70,48
63,60
77,76
59,78
95,66
61,85
13,39
48,34
63,34
95,42
53,84
23,32
16,55
13,40
39,82
64,85
16,40
49,78
6,1
59,41
89,59
52,99
50,82
58,76
95,90
2,61
56,50
23,68
86,9
13,58
71,82
77,94
38,48
97,36
14,1
95,83
79,9
96,91
54,57
21,19
51,20
70,33
47,43
91,83
31,98
10,14
57,89
30,61
56,48
28,100
21,69
77,20
40,100
11,9
90,43
19,22
15,77
79,29
30,2
36,51
11,11
35,30
51,60
42,91
58,17
72,33
75,1
21,29
72,49
98,8
94,56
5,7
12,42
1,12
74,78
60,40
48,71
21,88
8,97
54,85
90,23
31,40
97,52
73,79
95,22
8,59
75,89
26,45
7,69
83,85
12,28
44,41
52,6
30,10
25,48
70,43
95,54
58,55
58,44
78,57
28,54
17,39
4,87
76,31
17,28
25,96
96,84
85,7
75,95
9,73
6,100
23,43
12,8
49,98
19,45
90,13
2,81
25,99
79,37
64,86
68,26
53,37
85,70
4,92
93,41
19,85
78,65
46,3
64,97
21,86
27,3
64,36
2,75
22,81
28,50
63,81
65,65
26,88
38,19
72,66
9,5
12,85
55,36
54,2
58,11
98,13
67,29
48,95
47,49
49,90
76,97
68,12
73,23
16,61
53,19
68,34
78,29
2,28
84,7
93,31
75,4
81,18
55,35
55,23
19,81
50,75
19,54
72,81
67,48
63,85
41,28
1,46
46,79
9,69
59,70
18,47
92,68
100,39
12,27
9,98
62,45
41,22
42,99
39,86
39,23
83,69
78,44
23,6
67,19
34,65
50,6
74,98
65,63
98,79
13,24
81,46
28,31
77,95
16,75
37,17
54,44
25,88
15,7
18,64
68,57
93,82
10,35
28,79
93,65
68,63
38,46
57,40
57,41
39,10
66,21
15,57
67,84
73,36
53,58
27,8
35,55
61,100
80,22
86,16
11,64
85,23
96,75
90,26
31,96
78,11
46,2
5,31
33,51
57,63
66,92
53,92
39,68
81,67
49,3
47,24
14,8
29,92
86,88
26,28
50,41
100,62
58,46
30,87
31,87
15,96
67,46
64,84
87,29
20,68
39,42
42,23
15,21
8,26
34,79
13,92
55,43
12,29
48,1
81,47
79,8
48,91
81,77
69,68
88,18
65,69
97,11
92,62
19,87
87,38
68,11
86,4
19,41
40,36
34,28
50,77
76,59
61,56
46,53
9,39
46,39
41,29
65,46
11,81
63,5
10,36
1,47
25,7
71,50
53,83
11,33
49,32
90,49
37,92
52,96
93,4
85,43
44,71
97,34
26,91
5,4
99,100
59,38
77,55
96,76
51,49
57,9
84,35
9,90
65,31
54,98
5,91
29,37
35,72
63,94
88,9
36,43
70,74
15,25
53,39
82,51
14,36
29,49
34,84
17,91
99,47
25,25
36,83
71,80
88,91
92,92
20,86
20,43
29,68
90,63
39,21
56,19
5,79
46,75
28,18
92,7
93,61
63,19
44,60
5,23
22,44
86,5
89,52
75,37
79,30
11,42
51,100
18,4
63,100
35,52
47,95
34,70
55,21
94,12
70,81
36,7
39,36
70,31
64,45
13,100
63,46
81,74
66,42
4,38
60,30
73,12
44,15
79,79
73,27
68,6
4,11
50,51
80,20
18,75
31,24
29,88
63,77
37,18
65,84
50,86
42,94
25,63
91,1
83,42
25,72
14,45
66,9
78,67
30,12
50,52
24,54
41,76
36,97
84,13
62,74
99,26
70,28
64,96
46,60
78,36
85,15
87,20
49,8
20,15
5,28
7,89
12,47
13,60
97,6
19,29
89,18
100,67
89,88
51,57
7,78
51,89
20,93
79,49
60,51
84,38
13,55
67,18
62,22
64,95
76,27
44,77
81,2
97,81
42,11
72,52
65,32
72,23
14,51
56,13
56,49
10,56
15,65
19,61
88,82
61,17
74,53
78,40
36,66
86,15
85,17
9,44
94,68
88,3
33,3
41,82
3,50
18,69
20,1
61,74
88,36
13,49
17,92
78,8
61,49
72,93
64,15
95,61
39,54
8,50
16,41
80,99
96,77
70,56
24,67
43,29
32,84
92,32
64,69
68,44
35,76
16,96
74,83
30,69
24,76
90,98
30,85
31,91
63,38
33,95
33,19
38,78
69,51
37,70
70,25
34,92
24,82
82,23
9,83
95,88
21,89
57,23
89,74
31,97
95,51
53,48
100,20
25,80
62,70
76,77
81,29
8,44
29,93
55,59
12,94
55,27
7,20
84,27
20,44
30,15
86,63
93,2
59,13
21,9
98,56
64,79
61,68
94,53
84,52
49,15
59,27
72,32
80,34
21,39
83,80
23,62
33,98
57,26
3,46
39,44
65,95
88,54
71,39
24,10
31,11
84,58
96,24
95,47
54,74
36,59
71,56
1,70
45,11
1,40
23,85
46,99
88,66
24,87
14,80
54,92
42,2
65,86
45,80
86,26
95,78
43,89
75,81
12,81
84,74
31,68
61,88
5,69
7,38
70,61
78,17
26,26
83,40
25,34
85,64
87,26
76,12
81,54
54,22
79,64
88,76
62,1
65,29
84,36
71,37
66,57
59,43
43,24
30,100
22,75
71,2
1,59
32,62
6,62
14,100
76,16
11,78
25,68
87,66
10,6
30,71
30,93
79,35
8,48
58,89
61,26
79,38
84,99
62,95
2,52
82,49
79,27
45,25
3,55
81,68
42,4
74,82
26,48
85,44
6,80
47,53
5,17
12,11
93,74
70,12
22,22
11,16
84,30
30,64
95,28
41,92
72,76
89,46
64,98
83,96
24,63
6,94
17,54
12,49
98,54
98,38
86,21
51,15
91,69
68,61
17,88
7,60
62,69
55,54
9,2
45,74
35,18
89,56
40,89
27,52
62,99
57,62
7,85
67,35
36,62
17,29
4,3
78,95
41,10
17,42
78,18
56,43
35,21
43,83
52,51
48,8
95,71
35,77
67,34
98,35
40,52
2,82
24,6
70,17
39,41
93,1
97,86
71,66
44,80
69,73
25,8
56,59
74,66
59,57
61,67
12,25
28,65
11,14
45,66
19,34
58,36
92,49
88,20
10,32
89,1
40,51
46,26
77,36
84,71
6,43
42,59
66,19
87,60
41,72
69,77
87,46
41,43
53,18
15,71
53,88
88,45
33,99
75,93
36,70
41,93
45,93
67,12
55,65
27,73
87,25
6,68
23,27
24,83
32,65
86,32
89,25
84,14
74,95
46,86
26,35
78,54
13,23
86,67
89,16
37,39
45,53
78,31
9,33
47,28
20,63
14,41
22,4
30,19
76,6
2,50
54,49
8,3
37,83
25,27
57,5
51,96
27,12
22,100
55,97
76,89
86,71
45,95
10,5
62,7
28,28
65,80
31,30
46,50
4,58
10,33
12,80
100,57
22,9
58,73
14,90
28,71
31,10
46,47
82,27
14,42
83,7
65,53
57,44
74,54
30,32
48,58
92,75
63,12
92,4
34,36
32,9
41,68
43,65
50,76
65,89
44,45
17,6
91,51
17,47
41,54
73,65
51,1
90,48
13,34
15,41
19,49
81,12
89,66
98,93
67,71
100,43
70,44
20,81
11,48
74,21
16,18
74,77
39,64
55,81
20,88
13,20
53,80
48,7
24,11
35,41
58,97
5,30
48,44
77,51
83,12
96,89
30,24
9,19
42,14
83,90
99,13
7,73
41,71
94,5
22,35
71,31
37,94
19,4
90,4
96,17
74,28
23,5
10,82
27,60
57,68
60,69
57,33
50,100
58,83
50,69
50,99
47,9
31,65
34,86
35,17
37,4
88,56
82,66
44,35
51,30
55,46
72,10
77,64
46,15
75,6
38,36
66,58
98,100
7,21
91,20
81,84
48,77
98,5
80,18
68,76
5,99
37,48
88,74
89,80
25,61
53,89
95,33
73,100
18,89
48,55
61,66
95,23
10,49
1,81
2,93
93,57
91,47
40,62
58,27
28,12
87,76
6,75
64,70
81,8
38,58
35,32
65,33
35,48
83,6
31,42
18,87
73,93
93,7
59,49
12,95
70,83
81,25
42,50
81,30
45,73
36,6
72,41
98,46
37,72
31,79
95,6
55,4
6,16
71,69
35,75
19,78
61,70
92,85
27,43
6,24
83,95
70,82
31,1
11,8
40,39
98,30
76,23
36,48
70,77
78,24
30,75
65,68
2,92
37,76
7,72
66,95
84,22
21,91
76,70
56,58
30,1
55,14
52,85
5,50
32,77
94,39
7,46
89,13
87,30
38,8
53,11
44,61
94,67
32,87
88,30
21,30
77,8
30,70
7,5
45,46
27,24
94,38
94,14
65,72
66,80
28,76
56,17
20,22
98,94
25,24
46,13
14,54
20,4
5,96
40,91
96,67
34,77
3,3
17,45
61,91
25,2
58,92
44,14
70,2
98,31
99,93
100,25
39,85
23,77
16,71
29,98
20,61
53,54
79,65
11,100
83,66
36,33
57,36
46,57
41,3
12,54
55,38
41,96
49,26
57,16
75,38
100,19
75,14
24,66
40,69
85,87
49,65
23,7
34,38
31,12
57,49
100,26
73,96
48,62
70,68
81,26
39,49
56,91
61,80
3,87
100,55
2,77
64,20
63,84
84,87
16,2
1,74
5,14
46,8
99,74
68,16
58,35
85,55
46,25
45,68
53,36
77,30
89,37
11,28
19,48
38,45
92,25
59,85
13,10
3,20
61,20
1,49
62,38
1,61
92,63
57,71
18,6
67,28
30,74
11,69
32,64
18,14
77,77
28,91
14,31
78,16
94,81
61,13
77,9
69,9
8,63
3,43
36,25
23,22
60,79
61,79
51,35
50,92
15,48
62,43
52,91
92,42
82,20
8,66
58,72
11,32
16,58
28,35
5,57
16,72
73,66
99,35
86,42
52,35
29,78
72,24
66,51
47,31
31,6
82,75
4,62
40,49
68,31
43,92
75,47
41,52
66,23
19,40
78,46
89,93
43,49
8,81
79,94
20,11
92,47
34,25
75,26
31,78
33,65
52,71
60,66
61,6
24,79
59,11
64,67
41,30
72,92
18,60
70,55
25,42
2,70
79,28
44,94
47,63
68,68
65,96
5,76
38,51
66,55
32,61
90,1
22,82
45,57
6,71
23,64
92,35
7,66
22,94
25,28
61,55
67,67
81,97
32,5
99,4
79,32
66,31
65,83
1,29
13,45
23,45
28,55
16,59
19,8
96,36
19,9
83,34
88,63
94,74
68,18
50,9
39,37
30,92
73,37
59,7
69,22
86,91
99,80
48,82
57,10
9,1
72,86
91,91
46,24
7,24
62,53
38,62
47,66
32,89
60,24
32,29
23,71
65,40
7,74
75,58
70,76
82,83
6,47
69,88
47,82
22,71
52,24
89,44
63,76
16,91
38,96
99,68
65,13
48,32
29,57
24,77
45,48
42,73
68,92
30,43
2,5
23,13
9,11
24,36
42,74
21,8
51,46
41,19
18,78
20,50
40,63
48,89
74,97
42,97
33,90
39,66
56,31
11,74
33,93
92,77
89,20
66,87
56,32
54,67
70,71
21,28
49,12
10,75
87,54
86,73
99,12
95,2
53,21
79,46
89,5
32,93
88,46
77,13
26,75
46,10
12,89
67,98
85,76
77,61
9,92
52,56
79,12
99,14
42,41
95,25
78,12
93,81
77,14
65,23
7,25
11,18
47,12
71,52
24,41
89,63
23,73
36,68
77,42
73,19
91,61
2,89
12,44
52,55
99,53
16,27
9,63
46,62
3,31
29,25
17,3
35,88
32,34
66,30
49,43
97,43
60,65
42,35
49,44
86,59
48,50
79,16
6,22
36,42
98,74
42,57
54,41
40,20
48,26
39,39
15,28
54,100
74,79
76,18
32,17
26,13
57,56
99,58
6,91
96,39
66,81
71,88
28,57
98,11
18,92
82,85
34,37
82,60
100,70
91,70
24,33
22,87
10,3
84,32
17,9
91,23
65,82
6,27
44,24
84,76
79,20
59,19
17,36
100,63
54,14
65,45
23,34
3,77
89,89
21,2
85,26
97,80
74,43
1,10
7,28
64,57
96,58
40,84
64,7
73,92
7,37
65,99
61,95
82,37
86,95
49,85
46,29
17,94
82,67
71,100
95,80
83,94
81,76
28,77
97,71
20,28
98,24
87,96
61,32
70,3
51,58
90,56
22,23
46,6
56,36
53,69
7,55
77,78
39,2
5,55
16,57
60,19
77,22
55,89
69,50
78,6
18,2
93,70
3,88
2,31
93,30
72,8
87,16
48,28
46,32
62,42
90,99
92,29
8,94
45,61
97,91
55,39
38,91
15,1
1,77
1,57
34,4
64,13
84,26
29,17
48,30
44,17
42,27
85,93
25,41
36,46
31,21
24,88
99,33
48,47
44,20
85,32
54,47
71,59
54,19
70,70
37,96
85,68
23,18
66,36
42,37
69,29
20,85
37,24
40,71
15,80
42,48
1,79
11,98
83,52
85,53
5,13
91,78
33,8
81,17
100,17
2,68
20,18
92,34
93,17
63,52
79,81
95,55
15,34
86,38
26,81
38,5
68,93
51,90
6,51
12,66
46,5
80,68
84,53
23,26
88,57
44,98
61,19
37,87
1,8
14,17
10,13
45,100
64,63
95,38
90,77
66,32
27,82
8,15
69,84
10,98
7,56
18,8
52,73
93,34
12,23
23,25
9,32
33,87
14,86
10,50
5,37
97,67
100,99
77,11
53,7
2,32
41,57
74,100
76,82
100,58
100,66
64,77
26,69
92,53
27,27
16,76
42,100
30,53
35,46
40,94
45,45
23,67
65,42
4,82
89,32
64,38
66,37
61,30
48,54
18,35
58,18
72,31
73,25
12,73
84,49
45,14
34,44
85,81
45,24
1,39
61,90
98,69
38,15
9,17
77,48
78,15
89,69
70,46
34,35
35,86
97,9
56,47
93,10
44,55
38,98
93,75
43,91
45,50
48,56
95,41
89,21
69,40
97,69
90,20
62,39
32,85
11,97
6,41
43,50
27,86
98,36
99,62
12,79
66,56
18,95
87,13
93,46
60,11
74,71
24,7
79,41
7,1
15,35
84,2
44,81
17,30
33,86
67,56
60,73
91,71
20,71
52,86
18,45
24,34
57,96
61,42
55,25
14,85
22,51
23,98
47,84
5,45
53,25
53,72
52,94
5,11
37,71
73,98
61,47
56,8
66,25
56,22
61,86
5,49
89,73
21,85
9,37
64,9
53,91
93,49
74,86
94,7
97,51
52,65
66,2
98,57
23,39
84,59
76,54
56,68
37,68
41,26
90,83
1,85
19,68
67,88
18,83
53,49
20,23
40,53
82,35
68,7
2,71
47,15
83,41
74,22
8,23
38,55
7,35
14,11
70,75
33,100
1,4
96,65
49,89
9,25
32,82
8,56
76,22
99,82
100,68
62,66
59,65
42,34
7,54
3,79
53,87
79,78
53,6
64,40
22,33
19,25
5,71
72,80
39,100
11,57
32,50
58,61
27,81
88,22
5,84
68,84
94,83
70,60
53,65
36,90
54,23
99,44
86,84
35,91
43,96
95,3
45,63
94,99
99,89
11,7
20,73
28,90
13,25
54,38
91,99
94,49
39,96
38,33
68,3
74,64
17,63
59,82
71,42
46,68
44,22
42,21
66,5
55,5
39,45
68,64
74,41
6,17
25,44
51,93
79,66
65,91
55,30
100,53
56,14
47,71
63,22
64,94
50,21
59,33
1,60
38,11
52,67
15,52
33,82
54,48
3,17
8,2
44,97
80,94
7,17
31,28
6,44
73,99
40,64
61,40
51,43
45,6
60,87
64,33
7,34
32,70
66,84
52,97
19,62
99,9
30,3
53,71
12,87
36,4
20,77
35,24
34,11
15,88
70,88
97,22
26,58
68,78
83,8
84,4
42,17
7,43
48,75
50,8
79,86
83,57
41,100
94,75
89,94
51,61
54,17
26,94
72,15
50,24
74,32
21,10
45,35
77,60
69,27
95,73
74,62
7,26
37,53
81,19
1,19
23,33
48,15
95,37
3,100
18,41
77,52
99,20
18,25
16,1
23,60
64,73
94,40
53,96
45,39
24,22
35,40
69,35
56,1
71,5
93,32
96,49
18,5
50,73
91,80
30,25
83,53
13,26
48,20
79,55
34,94
55,79
63,75
56,16
93,77
1,43
74,72
2,57
25,100
7,62
39,32
77,85
35,62
43,99
44,25
40,38
83,75
70,58
83,89
66,91
82,5
65,49
71,64
68,60
37,85
22,39
8,99
14,52
79,39
97,35
2,76
38,42
11,36
83,63
4,79
4,39
62,27
49,68
52,72
65,8
34,59
34,49
73,31
21,41
31,55
7,95
34,26
79,23
61,18
1,14
54,55
84,8
27,61
69,14
38,57
64,91
90,90
86,24
57,51
47,59
28,67
73,70
62,90
15,44
30,22
69,90
50,25
52,39
31,31
69,99
79,11
45,55
83,2
28,24
77,5
43,22
83,23
58,79
26,23
61,50
91,84
78,58
9,22
28,10
88,44
92,65
54,42
51,2
10,8
55,62
3,14
3,56
96,44
24,39
48,27
40,93
6,72
7,9
59,93
27,55
80,86
29,61
17,99
80,43
80,38
2,45
8,31
63,87
78,90
55,99
96,30
5,38
71,99
73,55
93,23
38,94
6,36
90,73
21,46
96,13
86,78
20,94
100,13
65,39
2,58
2,55
59,17
25,51
92,69
72,45
18,15
83,3
33,44
69,4
9,72
57,76
69,13
27,92
86,30
20,2
72,72
33,53
99,46
97,62
76,79
40,8
70,59
6,89
24,57
8,10
64,50
35,69
20,17
62,52
66,82
69,58
80,73
44,37
92,46
43,34
30,41
36,15
51,55
35,100
47,85
11,46
96,70
19,35
31,44
96,45
63,37
22,88
57,19
55,47
67,1
73,29
65,50
51,95
51,66
23,51
74,30
55,51
83,50
63,90
49,94
88,92
23,28
22,93
9,36
23,31
13,72
28,5
2,25
84,23
52,27
47,34
38,89
48,72
33,12
100,83
24,51
1,32
75,55
87,41
49,31
70,97
43,70
37,56
92,58
19,11
98,27
34,8
40,46
76,95
40,14
30,79
77,74
19,20
24,50
84,68
25,70
38,79
60,81
14,72
60,10
29,3
69,93
78,70
59,69
94,55
87,89
66,85
73,17
96,22
52,3
92,36
31,100
4,78
50,70
95,67
44,43
66,76
88,70
85,66
16,54
86,72
8,6
97,75
86,40
85,77
75,57
13,7
73,51
99,60
24,13
60,16
85,28
29,10
82,47
23,42
9,74
15,83
9,70
41,61
24,60
1,41
1,7
91,58
53,45
71,84
19,65
52,1
92,22
51,65
42,66
84,9
68,41
71,46
42,65
50,64
14,27
83,99
33,63
4,46
92,78
55,8
15,4
35,13
1,2
2,29
85,97
2,40
55,92
81,14
17,96
69,70
11,87
25,3
48,80
4,71
37,37
37,60
7,99
60,64
60,7
58,41
25,12
56,57
47,96
98,61
2,17
47,100
94,51
20,33
89,23
29,55
88,99
76,1
80,49
42,9
56,56
86,34
50,38
47,7
77,75
7,27
41,7
33,10
58,10
10,71
100,29
98,16
47,1
76,51
28,42
91,49
39,43
25,18
58,12
75,19
55,57
38,28
51,50
33,39
24,17
19,26
60,52
94,18
65,1
3,11
74,18
68,72
95,58
37,46
77,87
60,6
72,87
46,48
13,16
83,37
34,93
76,53
98,4
23,46
32,98
27,85
68,36
50,13
49,6
63,44
94,8
93,3
63,74
53,53
18,70
53,22
83,17
16,33
52,45
90,44
76,34
54,69
51,73
38,85
52,30
54,89
52,62
80,93
70,19
12,9
97,77
55,86
78,48
1,98
7,84
62,29
79,53
82,2
82,90
37,43
95,48
88,16
66,71
89,64
9,6
98,32
51,86
27,11
97,95
18,1
29,91
34,43
56,64
61,62
85,67
75,90
58,75
22,7
28,95
92,89
36,26
59,48
64,99
23,21
82,50
60,45
17,27
24,64
66,40
82,42
38,40
53,17
87,86
83,5
66,66
17,100
69,57
58,40
88,71
10,100
76,86
36,36
36,87
70,92
60,18
48,23
14,44
34,17
6,19
49,87
7,47
84,70
49,45
7,49
91,43
24,40
43,30
42,26
69,25
88,41
34,46
70,66
29,82
34,69
23,86
68,65
54,59
58,21
66,63
60,85
5,75
13,97
91,28
9,14
69,28
50,98
56,86
90,87
8,18
92,24
2,94
60,1
24,8
17,71
98,23
48,97
77,40
18,76
13,2
96,6
60,42
20,66
18,90
92,45
87,77
45,43
59,77
39,7
97,8
53,9
51,56
44,40
30,18
77,66
55,67
11,23
68,99
17,37
67,73
16,70
40,40
17,17
64,81
55,16
30,59
43,75
88,33
98,18
49,47
22,69
43,82
48,100
80,95
24,96
32,18
82,96
95,40
45,41
77,84
7,4
53,50
68,15
64,60
41,49
17,20
49,74
75,80
81,90
18,32
23,53
79,13
84,15
12,52
1,17
85,83
72,38
48,33
56,88
87,45
34,76
34,42
56,69
23,29
20,98
95,50
58,100
17,21
65,78
65,37
94,54
29,23
37,52
34,54
83,21
6,97
4,37
90,7
75,100
64,51
29,19
40,83
59,90
44,16
44,62
23,3
12,26
56,33
99,19
99,99
51,10
72,43
15,79
59,6
33,31
58,6
25,69
82,91
64,4
86,65
14,73
48,60
64,6
16,83
74,56
36,77
51,3
37,19
23,11
59,96
8,21
77,70
74,99
29,44
17,10
98,67
22,29
12,39
38,1
21,18
41,99
62,73
23,92
29,100
70,80
78,45
40,23
38,97
78,20
71,33
11,89
19,52
76,72
73,14
27,75
39,30
14,43
49,99
21,68
98,68
9,82
62,2
97,10
74,58
7,14
36,96
24,27
57,25
63,43
85,22
99,98
28,47
98,85
47,2
31,20
57,69
74,75
36,11
79,36
92,72
2,67
6,88
25,73
29,52
27,84
43,74
99,69
81,70
77,96
21,66
62,96
41,41
29,34
81,57
78,79
35,65
99,76
42,12
38,44
61,37
98,82
9,20
18,93
12,45
97,72
19,2
76,96
72,37
47,67
96,100
38,69
44,63
85,20
69,85
23,8
99,36
3,29
20,14
8,41
65,11
24,19
38,63
44,57
88,5
59,53
40,92
27,89
5,65
68,1
99,55
44,100
79,33
24,23
45,47
15,74
65,19
77,1
62,37
35,63
52,31
43,87
40,67
60,75
57,29
96,82
40,30
20,69
64,10
51,23
38,75
71,26
9,35
94,58
64,42
37,79
89,40
99,49
76,55
87,91
72,53
45,1
77,88
58,13
47,69
14,50
94,63
99,50
56,34
36,49
68,22
27,22
48,52
6,59
31,48
44,39
66,17
68,56
43,32
15,98
2,86
18,13
15,99
80,69
96,5
33,75
33,46
91,11
42,5
87,95
46,81
88,17
62,49
6,25
74,55
1,90
63,53
37,98
7,3
80,6
39,8
23,41
88,27
49,5
57,46
79,75
20,21
100,72
86,51
26,51
12,69
72,94
61,33
31,62
94,98
15,31
24,78
4,64
23,23
28,23
73,3
97,49
52,28
45,77
76,26
38,2
48,38
11,30
99,23
20,65
49,29
51,76
93,64
25,5
62,67
29,11
41,35
13,15
70,13
24,92
56,11
31,54
37,22
70,87
12,4
24,5
42,33
33,22
97,61
23,10
28,75
99,65
92,11
59,30
40,75
12,43
58,78
66,18
91,59
84,86
5,26
28,48
4,34
96,27
26,55
35,9
8,52
77,100
57,84
30,31
98,70
66,45
25,43
31,99
20,60
1,36
24,86
35,70
80,16
58,3
3,98
43,98
28,9
87,10
77,93
9,66
49,71
51,19
97,29
95,35
81,86
73,47
76,98
8,30
51,5
82,21
39,75
89,22
46,94
36,52
94,77
30,82
46,4
44,67
9,7
49,52
99,6
98,59
43,77
38,92
89,62
5,25
56,45
59,97
4,8
33,40
61,29
57,73
60,50
70,20
79,84
40,43
51,45
93,35
50,74
96,51
45,30
82,22
48,57
18,96
75,39
17,58
38,34
74,91
64,61
18,30
11,21
13,85
36,100
16,22
22,24
31,19
93,58
63,28
61,99
72,9
7,2
2,98
86,77
94,35
45,98
30,99
60,9
10,27
64,28
97,55
14,57
39,47
87,53
23,61
41,88
72,11
41,21
81,73
1,5
23,75
17,43
71,8
97,4
67,39
35,67
89,96
18,38
11,71
67,65
39,90
3,58
52,68
77,45
88,51
1,13
91,3
89,30
30,55
93,53
87,43
92,96
68,67
15,95
82,99
19,16
71,75
33,5
82,86
61,94
19,18
19,58
5,87
57,83
2,54
100,23
64,71
89,49
65,59
94,72
9,68
23,70
76,93
87,69
39,77
14,14
95,26
58,52
36,38
67,76
19,56
55,63
56,10
98,80
62,41
27,31
89,12
29,94
22,92
28,62
31,37
48,64
56,75
85,2
91,46
45,49
36,16
85,90
92,79
47,46
2,20
53,8
43,8
89,47
1,97
16,98
55,34
68,51
9,12
15,75
22,67
55,88
50,95
16,44
39,98
3,25
41,87
82,82
41,56
67,3
26,4
26,56
5,51
14,94
75,45
17,18
44,68
71,38
71,93
79,62
80,30
64,56
18,26
85,14
63,93
22,2
89,61
51,47
33,16
10,58
36,58
61,53
37,14
92,14
72,90
88,77
84,72
16,23
16,100
26,52
15,8
78,19
8,74
8,47
74,3
15,62
88,78
64,32
64,68
18,19
23,66
53,10
100,100
32,36
23,84
8,8
60,59
40,2
73,74
41,44
29,63
93,76
63,29
64,27
10,7
14,18
24,97
85,82
8,86
9,28
96,72
2,78
49,91
19,88
21,11
66,86
47,80
24,37
3,76
9,86
81,10
46,17
73,68
35,12
23,1
12,30
88,49
4,74
46,18
49,93
60,35
81,55
87,15
76,66
7,83
24,61
68,89
33,1
81,31
37,38
67,82
98,87
23,47
17,34
24,31
56,39
90,57
84,56
99,59
96,32
38,100
43,58
31,80
91,67
87,74
86,22
70,63
19,43
19,28
28,60
44,5
40,79
14,81
19,3
90,18
80,67
78,59
10,86
38,73
59,55
25,15
75,66
13,48
65,43
34,15
82,74
90,64
6,58
14,92
1,92
2,26
30,65
70,8
61,27
13,17
49,4
19,71
71,10
42,72
74,16
77,73
81,82
50,4
91,56
4,94
80,70
36,23
99,84
57,27
84,41
77,32
74,49
71,95
28,41
6,29
17,83
95,65
44,38
1,87
43,95
23,20
29,72
44,58
89,81
35,95
37,59
83,38
30,26
55,52
67,99
59,86
95,60
67,32
15,68
88,26
57,14
95,56
31,64
90,29
42,24
71,87
90,65
95,62
25,95
49,18
91,60
90,45
57,81
19,86
8,64
86,93
11,92
21,87
13,77
56,24
89,79
52,23
36,84
87,7
75,88
66,29
92,99
2,7
82,25
54,37
98,55
11,94
60,28
78,38
90,74
93,16
75,12
16,14
65,62
48,9
30,88
1,11
47,77
52,18
84,75
97,65
29,43
19,21
1,94
25,82
3,22
33,58
13,73
93,98
93,97
52,38
35,14
85,41
58,43
44,69
17,61
76,61
41,95
46,20
97,47
22,1
83,54
96,64
22,43
25,79
44,90
54,82
11,27
18,46
16,34
21,49
27,96
67,11
50,54
37,31
68,49
29,32
4,35
67,37
93,37
89,35
3,38
94,9
60,61
24,81
77,80
92,71
51,29
92,98
67,91
99,43
90,79
87,33
80,33
16,81
80,58
42,40
54,78
89,26
30,83
72,59
27,87
69,83
93,88
24,70
12,31
43,79
29,99
20,12
50,17
55,26
97,37
70,40
47,87
68,13
43,15
10,96
36,57
91,7
92,52
82,1
56,92
79,82
41,67
20,49
17,51
63,56
27,65
93,11
63,21
17,98
36,98
56,15
37,27
81,98
96,60
5,95
14,16
49,69
95,27
7,32
80,85
15,92
26,36
47,16
74,73
63,88
32,7
24,52
3,27
45,81
75,54
56,98
65,90
1,22
88,32
10,20
1,69
49,17
63,58
74,20
40,72
12,86
78,21
51,69
3,78
27,19
54,33
79,89
5,67
32,79
87,79
35,54
13,33
97,33
49,21
25,90
11,44
97,15
94,73
23,90
36,73
27,21
11,55
4,6
81,89
32,23
47,8
63,32
33,21
71,7
70,15
38,59
5,20
56,66
77,39
92,88
13,93
10,28
1,37
93,28
100,36
15,32
69,61
31,27
72,55
41,33
58,48
61,36
6,50
85,19
93,5
1,96
96,4
94,82
47,18
25,92
47,41
97,39
8,40
81,100
3,60
11,95
53,44
85,11
56,29
62,48
83,55
94,94
78,28
24,18
39,93
12,41
69,41
7,93
84,98
33,36
93,95
20,75
86,76
29,60
73,10
17,1
4,18
37,65
86,49
99,51
99,21
75,25
88,73
63,24
38,30
100,64
17,13
39,52
33,91
88,85
62,80
41,78
42,42
94,25
40,45
6,11
21,54
68,81
52,48
78,4
91,100
78,51
71,62
28,34
24,35
97,87
73,7
84,63
61,76
21,58
81,53
34,96
55,24
17,25
47,68
48,43
10,15
84,33
52,25
20,76
45,96
8,37
93,62
76,60
31,71
16,12
80,2
68,23
10,19
87,88
56,89
28,21
75,9
32,68
69,6
36,34
15,47
90,31
57,38
82,29
12,51
84,16
45,52
31,15
68,32
92,30
8,77
73,39
71,78
65,17
1,34
85,78
59,23
65,14
52,76
100,5
68,58
93,39
61,89
82,39
2,100
58,4
67,77
99,66
52,83
67,21
81,16
96,3
66,35
99,96
86,80
6,52
76,83
32,35
85,38
68,35
74,12
57,55
16,25
10,53
16,47
24,3
51,6
53,85
23,88
29,71
78,74
44,18
98,12
62,40
11,63
31,45
23,94
66,6
56,2
70,22
9,80
69,5
38,12
15,2
65,97
7,76
66,46
64,87
90,96
76,56
72,47
88,15
28,56
28,68
28,46
84,64
78,13
2,12
70,62
74,46
56,28
86,2
16,17
10,62
27,72
71,47
40,78
30,58
80,8
3,18
46,40
90,60
45,33
38,39
54,24
13,32
9,3
37,47
4,9
47,57
67,20
47,98
11,31
8,43
54,84
59,73
86,75
71,76
16,43
53,27
69,67
54,11
81,3
100,35
43,100
45,67
7,98
87,94
33,17
39,97
29,85
78,32
36,2
46,97
32,2
81,69
54,30
43,56
26,31
97,32
93,14
49,13
21,59
75,70
93,80
37,84
72,18
67,93
3,83
27,68
82,46
86,11
90,92
99,83
38,41
16,87
91,33
23,72
70,67
57,92
16,35
2,44
56,9
37,81
53,26
24,80
11,76
89,68
4,17
20,53
82,9
91,57
41,32
62,18
17,46
62,25
74,74
76,63
69,63
83,87
97,90
53,61
31,59
79,90
88,31
99,73
52,82
64,92
22,36
29,41
10,94
83,48
75,24
79,80
60,94
49,82
1,76
52,4
60,83
72,7
77,57
8,96
29,1
30,56
28,26
33,38
47,54
1,28
11,65
59,35
36,29
46,19
32,16
63,41
65,24
91,75
80,47
8,93
49,92
39,20
80,61
94,69
75,85
85,45
48,35
58,25
25,60
26,46
13,67
31,3
1,42
68,39
27,79
26,100
59,4
56,83
46,27
61,23
83,1
69,74
93,27
12,17
68,70
77,25
97,70
12,63
82,63
9,24
24,90
5,83
61,65
63,96
68,9
43,52
35,35
47,40
57,39
13,63
74,65
96,18
95,49
34,67
87,48
59,91
25,22
37,97
25,76
21,52
34,20
55,83
54,35
23,35
88,53
38,17
81,64
95,13
33,76
98,19
91,4
36,28
1,3
64,64
36,45
80,65
79,51
21,57
33,81
86,18
79,1
78,42
65,85
97,5
54,3
14,53
66,78
50,44
57,30
20,78
44,8
57,93
60,41
36,86
6,99
29,48
86,39
13,96
39,33
55,70
87,19
26,12
56,97
61,7
90,3
16,68
47,72
82,88
84,12
98,71
22,31
34,61
99,94
82,31
26,15
87,85
97,78
63,11
84,93
73,24
36,10
60,47
15,17
89,8
14,49
98,63
40,15
43,78
66,11
80,54
3,70
26,33
3,52
62,28
70,53
93,63
66,49
21,77
95,46
5,5
45,86
61,87
34,45
99,38
76,33
15,55
42,81
12,100
30,66
37,61
92,91
84,85
42,77
6,15
14,74
40,58
67,49
53,46
6,37
91,37
18,34
34,52
56,95
92,67
44,85
42,13
96,8
80,13
86,90
69,26
71,55
83,36
61,39
82,55
31,73
27,76
8,89
100,69
17,49
82,43
43,9
82,62
44,21
72,58
41,40
65,54
1,25
73,54
96,80
40,82
68,47
53,35
71,90
15,39
30,21
25,10
46,42
26,14
88,35
68,98
82,59
94,45
56,93
15,40
2,1
68,83
7,87
2,37
60,8
97,88
28,78
54,18
65,73
34,34
14,60
24,49
18,85
46,12
62,64
9,26
92,5
100,3
65,48
54,88
99,42
20,27
24,59
15,85
98,99
47,25
95,44
34,98
67,61
36,19
72,63
57,86
5,77
46,14
66,97
30,62
36,44
99,40
30,50
12,33
8,67
5,56
27,93
19,59
76,32
13,91
52,77
74,87
25,58
14,65
60,2
90,36
51,28
66,99
83,61
84,73
28,63
85,46
94,57
75,44
32,32
13,4
63,95
83,46
1,66
36,24
55,29
65,26
20,24
53,93
13,22
66,1
6,66
64,8
96,93
58,88
63,15
34,31
43,21
76,29
49,96
82,77
52,29
77,59
87,36
92,50
100,96
50,79
20,87
9,64
60,70
21,34
71,25
57,100
13,50
94,80
63,31
38,32
45,72
83,11
61,77
62,89
18,43
79,56
11,43
34,88
10,79
63,33
35,15
31,84
74,6
68,2
31,26
98,77
33,14
65,44
99,10
29,18
19,50
4,15
67,52
21,67
39,78
22,62
58,80
14,58
79,60
51,44
69,46
19,13
96,40
87,2
5,18
11,52
77,3
48,76
27,34
15,70
9,49
27,5
40,65
70,16
50,31
2,90
42,7
72,84
11,13
5,100
5,62
12,15
13,1
18,36
25,53
70,34
77,53
91,85
93,78
14,38
64,18
34,27
63,89
69,60
88,65
20,32
45,20
96,90
14,83
36,54
22,91
89,87
59,59
83,16
71,28
90,67
40,4
48,79
46,91
45,70
48,53
19,73
62,85
50,67
51,81
75,48
73,62
96,62
66,72
27,67
55,3
39,1
15,37
15,53
97,13
35,58
28,17
75,87
24,99
22,97
94,30
28,94
59,94
8,32
69,95
89,99
52,53
49,72
69,17
55,66
90,28
26,78
76,49
59,62
41,31
57,1
38,64
87,57
1,72
9,23
27,97
30,6
32,21
79,3
62,63
45,7
56,72
74,70
13,81
59,81
92,86
27,2
96,31
52,93
56,81
4,52
59,10
95,10
46,1
42,90
64,21
68,95
39,12
66,68
19,75
5,47
13,47
89,85
70,78
74,29
14,99
71,89
86,17
16,77
83,84
43,41
92,56
26,39
26,1
24,98
90,25
81,23
3,40
69,56
30,17
91,94
75,31
36,89
98,58
8,73
81,71
5,16
89,55
44,99
77,17
91,88
61,28
68,69
37,6
8,55
95,31
85,12
40,27
30,38
53,79
96,69
34,75
100,74
38,18
12,68
52,26
92,1
54,62
41,63
60,20
89,86
10,40
35,83
34,41
35,25
85,49
46,33
26,43
5,15
56,4
75,79
61,43
91,98
48,22
85,63
31,53
19,95
74,4
50,60
30,81
92,18
57,94
8,9
5,74
59,92
18,94
53,75
54,91
89,3
44,3
30,14
92,31
86,53
81,36
57,87
65,15
51,78
79,45
61,15
96,12
97,73
24,21
17,53
5,35
6,2
31,13
61,98
4,77
10,65
99,2
23,36
49,28
16,73
9,56
26,47
57,78
3,12
37,54
28,83
18,80
73,45
47,65
26,24
53,38
15,69
7,90
13,46
10,43
26,41
69,59
19,47
98,72
5,10
87,40
39,48
22,27
44,50
34,99
4,28
20,67
40,68
22,17
1,31
63,9
55,6
8,16
2,15
67,72
11,15
100,93
17,72
99,61
36,60
49,14
31,74
11,73
55,85
78,3
77,90
89,92
73,81
18,56
62,55
44,31
84,100
58,68
19,1
54,50
20,84
50,34
33,45
69,62
7,97
61,2
23,76
92,38
80,4
18,21
42,22
84,46
62,60
30,48
40,9
22,61
78,71
51,7
73,42
49,67
80,89
91,26
30,77
41,16
80,75
63,26
67,89
72,68
27,13
18,99
6,77
36,82
20,55
94,88
51,31
84,95
64,72
8,38
53,64
78,80
24,20
93,47
34,57
43,80
65,16
62,30
39,27
65,93
75,69
38,93
25,4
69,21
12,18
74,26
64,11
44,26
26,66
99,92
93,22
78,2
57,31
26,80
1,88
22,59
69,3
33,92
71,49
65,4
9,50
93,38
3,89
87,59
31,57
68,74
85,33
80,1
32,100
100,21
25,62
38,87
17,5
41,75
98,90
56,87
55,71
27,91
21,7
55,2
8,11
42,29
59,3
13,90
69,49
43,90
3,93
52,14
63,80
78,85
13,86
83,86
22,78
86,74
25,19
64,29
5,63
77,43
23,56
60,76
30,63
21,32
82,7
19,46
83,88
97,20
5,27
24,12
87,52
46,49
9,65
94,46
96,66
21,96
50,53
70,9
69,79
7,64
35,6
39,74
79,76
6,85
93,89
63,1
81,66
8,61
50,18
51,64
87,14
28,25
54,94
46,7
28,92
72,78
76,52
75,7
59,68
38,47
83,30
20,59
44,66
49,84
75,72
15,12
36,47
94,42
44,29
94,44
8,87
58,86
60,78
16,85
68,25
52,64
89,51
47,89
32,33
80,40
62,6
53,67
92,43
32,76
32,55
37,3
92,44
49,86
30,96
56,54
95,70
64,1
97,92
75,84
25,54
52,44
60,26
45,40
23,59
81,72
100,37
100,33
7,41
77,24
61,34
83,82
12,84
12,7
53,32
3,81
37,34
78,47
4,33
62,59
55,49
23,80
73,53
33,9
71,79
72,2
41,83
71,53
86,48
17,7
22,64
42,85
3,42
8,49
67,54
26,65
18,27
35,23
19,57
40,61
96,73
52,15
64,80
44,70
31,14
63,63
29,42
55,31
8,57
100,79
60,54
66,65
82,4
36,8
37,5
61,58
87,28
51,74
82,71
39,72
21,97
16,48
43,20
26,98
41,60
98,51
96,83
61,93
75,50
78,92
86,58
99,29
98,22
27,47
68,43
23,49
77,69
82,52
33,60
57,57
68,14
93,96
65,61
90,58
41,65
18,68
83,15
8,7
57,85
75,99
20,39
86,12
1,27
4,60
53,99
21,83
73,61
87,98
62,81
31,81
98,10
93,72
93,71
76,4
53,51
82,94
55,73
40,1
94,93
94,29
100,77
98,91
20,19
20,74
52,78
94,16
90,54
81,99
26,16
2,2
70,98
73,73
50,61
98,76
44,86
14,20
45,18
58,33
68,37
18,31
51,22
70,38
58,20
9,51
17,90
77,18
54,39
79,17
6,74
37,23
35,19
43,6
74,92
40,90
90,97
73,21
76,15
79,68
40,13
61,82
77,63
42,30
34,63
49,40
63,8
75,8
88,48
11,54
32,27
99,63
23,99
62,16
91,96
74,57
70,11
6,32
52,66
75,53
20,10
93,55
26,29
98,2
57,80
78,60
60,96
5,86
18,79
58,66
15,10
27,50
77,50
27,48
58,42
34,62
37,15
93,12
6,60
20,46
81,83
54,70
94,71
56,70
58,96
84,60
91,18
84,61
45,19
60,74
32,3
76,42
84,92
95,94
80,3
82,100
63,45
85,50
57,35
97,60
65,12
57,58
33,62
60,23
35,34
24,58
85,52
39,53
80,76
71,21
97,2
12,59
78,97
7,63
4,10
57,60
46,52
76,8
70,7
80,90
97,79
14,5
8,79
38,24
42,78
94,3
55,48
9,4
13,84
52,87
77,86
79,50
12,61
34,80
12,98
73,16
85,31
98,14
20,83
60,55
21,53
29,26
1,93
29,64
6,73
89,45
58,15
29,50
52,58
47,5
76,21
29,27
51,17
60,32
9,46
8,27
50,85
26,53
35,60
5,44
88,12
19,91
61,1
11,79
85,40
40,26
71,34
76,71
43,17
25,37
6,53
39,84
93,51
27,42
50,40
44,91
73,67
66,64
80,14
1,52
74,51
32,57
36,40
68,86
40,33
1,73
53,3
6,35
99,87
79,73
72,75
56,78
20,38
87,42
61,38
11,67
61,51
34,81
57,13
62,100
57,21
5,59
92,27
29,47
47,83
65,21
53,82
47,26
87,23
42,86
67,36
17,52
53,15
32,75
54,31
29,89
32,60
85,74
92,39
4,80
36,69
89,38
85,18
45,60
80,17
76,3
95,34
41,14
42,88
54,8
75,51
32,99
97,84
33,34
67,4
42,56
47,75
58,84
10,90
31,92
26,5
72,88
30,60
32,80
81,9
25,57
15,58
32,31
9,58
24,48
78,77
37,99
18,66
50,46
32,95
2,59
72,3
57,11
35,1
6,81
70,96
15,46
84,89
4,61
96,15
14,37
70,51
19,94
32,56
3,84
94,36
92,82
67,90
54,63
54,4
46,41
57,74
54,76
93,44
5,33
9,27
86,28
39,38
43,11
52,60
82,34
77,2
39,56
66,10
4,75
95,30
70,79
93,73
18,73
71,57
87,9
81,51
83,32
8,70
87,51
8,24
41,37
76,47
16,7
28,45
61,81
57,97
96,34
55,45
19,89
44,53
81,27
8,28
81,75
47,60
45,88
5,52
18,9
97,94
63,71
20,42
2,47
52,34
44,84
22,21
33,52
10,89
95,81
97,53
73,63
33,29
37,95
43,67
71,32
42,19
66,33
100,48
93,40
95,45
66,70
99,95
62,77
5,8
90,55
25,33
83,92
81,24
88,8
45,10
53,47
66,28
7,79
57,45
59,71
93,24
41,74
66,77
98,81
34,71
16,88
45,89
21,75
59,44
7,29
89,4
80,9
67,42
10,72
53,1
68,50
53,2
99,90
81,28
56,79
100,6
21,82
4,91
81,44
80,28
25,78
4,96
51,11
6,26
81,11
66,93
7,33
55,64
2,84
21,23
95,82
87,65
33,70
83,18
89,60
28,74
60,82
46,38
32,37
76,68
12,58
63,47
88,97
31,46
85,3
4,45
75,41
22,54
23,78
53,4
4,19
45,42
50,58
75,23
58,74
21,56
75,56
83,49
94,61
56,65
97,82
49,51
27,51
43,43
15,73
66,44
37,40
33,54
74,7
76,37
89,10
4,21
98,66
19,38
79,61
83,77
12,37
4,4
21,71
51,14
85,36
7,91
2,19
3,91
100,7
79,95
45,56
50,93
59,42
33,59
52,42
94,26
56,5
78,10
46,78
37,51
11,61
53,98
51,83
45,26
47,10
9,100
33,74
19,84
35,71
23,4
4,88
56,12
57,4
36,64
49,88
47,14
91,8
11,68
7,67
10,54
13,29
65,28
39,71
65,47
36,80
88,100
43,71
100,41
72,97
69,78
50,39
95,29
20,97
56,90
69,20
27,36
54,52
90,76
63,78
16,10
89,54
24,46
12,14
79,26
17,33
86,97
54,77
41,53
89,6
8,90
14,76
36,39
58,37
52,5
89,31
67,95
88,14
77,29
59,39
72,44
100,94
76,35
76,69
34,40
82,81
27,49
38,82
96,87
2,11
11,35
8,34
46,64
38,31
98,97
24,14
38,67
61,21
2,56
79,22
74,61
33,80
29,46
9,89
97,38
48,86
2,88
15,23
72,64
23,91
72,50
42,6
55,44
40,6
76,65
66,60
43,94
61,60
75,68
48,69
63,3
16,80
56,42
72,99
9,52
54,64
10,88
24,43
89,34
55,32
18,65
56,74
4,95
14,62
21,99
95,95
77,26
23,87
87,71
59,56
39,95
36,88
57,88
11,50
18,98
14,68
45,21
85,61
41,20
35,79
45,32
32,41
94,37
60,21
94,78
73,52
82,61
73,44
56,7
46,59
46,84
96,74
93,42
39,46
60,77
60,72
38,76
25,20
59,36
23,57
3,82
40,32
5,41
22,34
41,24
9,59
46,96
14,47
49,25
45,4
61,8
3,94
37,21
64,65
98,9
75,29
21,72
55,33
13,83
90,10
10,11
34,7
88,13
84,62
20,36
36,17
58,45
33,6
15,76
49,54
99,57
97,16
34,10
88,83
89,19
80,77
10,60
93,93
37,41
36,81
7,82
43,72
91,42
5,93
4,55
85,37
85,1
90,89
18,17
89,78
8,91
27,25
18,81
10,69
12,32
67,47
58,39
83,91
19,27
62,71
100,87
32,38
52,92
79,77
37,33
55,84
52,70
39,22
22,52
67,63
35,96
95,100
8,42
58,19
98,86
73,11
84,84
81,34
27,1
67,59
27,54
78,83
60,36
80,97
94,65
95,74
99,54
14,21
90,85
5,58
94,6
69,65
50,91
100,40
21,62
88,50
42,32
66,48
60,43
20,91
44,12
66,7
44,10
92,17
14,22
33,66
76,38
91,12
49,83
20,8
21,35
18,22
19,10
64,44
68,77
12,88
91,9
36,78
84,90
20,52
36,76
59,34
32,71
36,92
94,27
42,70
37,8
40,85
97,97
14,71
3,48
50,30
68,8
43,5
76,84
61,64
3,2
34,91
49,61
100,14
5,48
44,6
19,14
36,72
7,44
24,44
8,82
90,94
25,35
97,41
67,60
98,28
87,64
48,40
4,69
5,40
11,84
23,14
25,13
55,78
66,12
68,75
67,15
17,59
73,82
60,38
12,64
76,44
3,32
67,2
48,5
80,78
85,9
63,13
84,94
28,40
87,50
46,95
11,77
22,12
9,13
97,74
91,63
96,56
18,77
70,94
28,64
78,33
73,20
75,16
18,72
50,33
91,97
91,92
3,62
82,26
64,5
50,36
16,8
26,18
28,3
96,21
92,51
49,55
54,12
74,42
8,17
36,30
99,34
30,47
10,93
68,71
55,82
11,29
38,9
34,56
69,81
12,55
4,25
57,59
4,12
91,73
60,33
56,37
59,9
19,33
43,37
58,57
93,43
11,6
90,24
8,22
77,15
34,18
51,26
26,95
38,22
18,40
13,94
38,80
100,82
73,50
70,30
82,64
50,87
19,92
45,65
49,30
38,84
31,58
78,76
1,38
10,37
13,9
18,54
39,14
20,20
84,18
44,13
22,25
80,72
49,70
11,37
83,10
99,37
14,6
54,87
7,58
19,51
52,22
20,30
45,2
17,82
39,55
41,85
100,86
85,51
6,23
69,97
13,11
63,92
77,44
14,77
89,48
5,22
68,97
79,31
73,49
94,79
93,56
36,99
83,78
45,84
85,16
74,45
68,46
66,61
22,42
72,79
16,13
93,15
94,23
9,85
55,15
32,22
58,91
18,91
32,8
29,83
82,73
18,18
31,56
12,96
53,41
22,26
81,80
6,69
29,84
74,81
1,63
40,44
44,33
63,72
42,67
19,31
15,81
13,27
99,25
45,16
27,94
83,58
23,12
14,15
100,8
76,46
34,16
14,29
1,6
25,30
4,89
91,31
49,75
38,43
72,6
6,45
10,23
2,10
1,82
32,53
37,30
1,24
26,3
75,5
9,67
100,56
71,23
32,67
21,55
46,82
17,19
64,47
51,24
44,34
88,98
75,32
40,54
71,1
72,28
79,2
49,80
28,29
60,4
82,69
61,35
51,25
25,77
26,20
100,4
6,20
90,86
8,5
27,99
81,48
19,36
18,71
24,71
15,94
16,50
73,88
65,75
7,80
47,48
58,51
94,41
98,60
82,97
67,58
95,53
28,4
39,25
6,39
53,20
69,15
52,9
67,5
72,57
86,7
35,44
19,76
75,3
96,47
30,27
27,29
58,31
19,93
24,95
10,66
55,94
31,5
75,17
4,16
49,39
65,71
43,14
93,59
43,46
71,35
68,21
39,60
71,30
22,58
13,12
3,21
26,34
2,46
38,23
20,35
9,61
6,6
63,54
56,20
67,79
51,63
64,58
31,29
56,21
13,35
80,32
67,50
66,62
16,69
53,30
60,31
30,20
96,46
3,10
21,33
20,100
42,47
2,43
29,62
39,19
10,17
90,66
54,86
96,54
7,40
5,82
67,86
46,83
4,41
66,16
79,15
36,21
61,63
70,89
48,10
87,22
52,17
46,74
65,35
74,69
2,22
90,2
66,73
47,91
70,57
11,22
41,51
47,58
90,39
67,14
96,95
21,70
64,88
28,51
81,4
59,79
80,63
83,93
6,90
32,28
32,58
80,74
43,38
4,54
3,59
18,61
52,98
29,14
98,64
78,96
47,3
32,73
10,38
80,98
50,5
56,73
55,100
38,86
56,30
4,26
95,7
18,20
97,64
77,37
1,54
95,9
43,2
89,41
36,5
12,2
50,57
54,34
3,96
6,64
21,21
7,51
81,63
69,18
9,53
46,44
65,38
58,71
67,70
78,86
50,47
32,63
83,20
94,13
11,53
95,59
38,20
88,88
11,19
49,42
78,88
91,22
42,39
94,48
54,56
79,85
55,80
79,97
86,82
44,7
72,85
46,56
30,9
9,60
64,17
39,15
73,5
71,18
12,16
58,16
76,80
10,84
82,24
58,29
49,53
58,30
34,72
77,56
18,53
84,80
20,26
51,39
33,13
48,14
74,14
34,22
23,54
6,21
12,6
19,83
12,67
17,84
55,61
92,33
81,81
59,61
85,21
51,41
11,24
68,66
41,84
90,52
56,99
54,43
88,34
12,91
55,77
34,74
26,62
78,27
79,6
66,26
45,99
72,29
15,33
1,35
51,68
91,25
26,71
40,48
94,95
98,95
37,78
4,53
28,85
42,15
60,34
21,84
58,95
17,12
22,57
11,39
77,97
4,14
96,99
70,50
31,85
95,97
64,31
42,68
10,31
97,7
57,48
36,71
90,69
17,8
35,8
82,16
11,59
63,57
97,42
52,90
68,55
10,78
70,54
77,99
85,56
19,64
62,57
46,54
10,16
57,82
2,49
61,46
63,51
8,92
25,6
37,49
91,45
59,95
97,85
85,13
14,39
98,7
83,81
67,74
25,52
9,54
68,27
95,76
41,5
91,44
6,48
20,48
25,98
4,49
6,76
65,7
35,57
87,84
89,57
24,1
80,19
69,86
75,59
95,72
43,68
87,68
63,20
86,31
85,4
34,9
84,96
19,15
22,86
78,55
62,24
74,96
75,73
92,94
90,14
22,95
90,27
60,22
53,5
46,89
52,36
59,16
96,2
63,64
89,7
81,41
44,92
71,11
68,94
3,44
8,71
8,88
35,11
37,58
70,49
3,74
3,61
92,93
8,35
19,66
55,56
16,36
23,19
14,91
77,41
22,65
77,82
37,77
79,58
83,98
28,73
54,16
41,70
81,56
12,78
15,16
44,9
89,75
90,11
7,100
98,96
79,91
72,54
4,97
32,20
22,18
57,72
39,18
52,80
22,48
58,60
100,71
68,24
79,52
13,42
83,33
76,74
92,100
25,31
30,30
48,74
85,57
6,57
26,87
14,4
17,77
12,56
88,28
60,48
79,57
66,22
73,2
50,15
45,90
43,85
6,40
5,66
60,13
85,24
68,59
44,52
24,38
9,34
56,27
44,11
32,26
49,73
18,44
3,65
37,57
46,92
78,82
11,20
43,76
83,24
4,51
8,60
61,3
2,51
6,31
60,60
14,13
12,19
78,84
99,28
59,15
8,53
91,29
79,93
84,51
13,43
90,15
13,79
86,45
27,28
67,62
96,79
67,69
22,49
88,64
94,76
62,20
85,39
69,71
11,51
62,4
6,61
72,65
22,90
91,89
58,34
57,64
43,19
45,27
83,25
51,53
89,29
31,94
42,62
90,16
50,89
32,48
62,76
88,68
16,38
95,4
18,12
24,75
72,36
14,3
40,34
40,21
3,1
86,86
53,73
66,4
53,78
46,61
2,33
48,78
77,68
51,79
92,10
70,26
32,51
62,61
53,94
72,34
57,22
60,17
9,78
79,98
56,96
38,74
45,91
71,81
55,10
22,56
17,22
41,55
72,51
60,71
26,49
13,6
89,98
32,94
23,37
2,21
32,4
85,59
44,44
29,38
73,13
28,27
65,77
34,100
58,38
88,40
37,10
21,24
15,43
94,85
47,78
71,65
8,98
17,44
43,61
32,10
96,85
37,66
67,92
54,40
9,87
70,91
88,52
94,52
21,37
50,96
7,68
92,55
81,5
84,11
81,40
8,46
11,83
24,85
82,17
59,20
64,90
88,42
66,69
89,24
3,19
80,92
55,74
1,65
94,21
27,10
86,61
79,63
5,42
76,67
66,83
40,31
35,36
51,99
85,62
14,66
38,83
84,5
89,53
33,55
4,20
62,44
62,3
59,66
76,13
17,57
73,87
9,9
8,25
31,25
36,93
98,62
20,64
6,79
18,74
39,80
99,48
88,69
40,22
84,37
26,96
46,87
72,56
87,56
11,12
94,34
4,7
25,32
34,1
91,41
18,82
69,53
57,79
86,57
30,42
29,5
68,96
63,4
48,98
30,11
49,34
6,38
6,63
34,13
51,52
81,93
91,5
3,23
23,44
67,25
80,31
92,6
22,38
30,39
43,16
53,34
57,2
99,45
50,43
32,12
66,98
48,67
77,21
10,97
6,87
25,56
82,72
58,58
58,67
6,78
11,49
11,41
82,44
99,7
14,93
20,51
73,94
71,54
34,19
99,70
62,94
7,30
99,41
98,29
76,9
40,19
54,1
54,46
11,38
26,79
86,89
6,8
11,82
69,32
53,60
22,5
27,30
8,1
6,98
87,72
2,66
57,91
44,83
55,60
76,88
38,61
75,36
13,65
52,33
39,24
98,40
36,31
39,29
23,55
84,42
4,100
46,30
71,36
1,95
44,96
29,73
2,72
24,30
93,52
64,48
56,3
87,24
22,89
92,3
78,64
14,75
97,89
49,62
8,75
7,77
21,36
33,26
37,80
84,50
70,95
49,24
55,40
27,58
35,7
72,35
74,44
54,99
10,73
24,74
42,58
88,38
28,36
93,90
69,38
10,81
7,42
71,48
35,82
94,11
25,87
56,41
37,69
86,98
68,73
70,41
69,42
15,45
81,6
46,11
23,30
31,61
15,5
47,99
20,45
43,86
76,50
68,53
91,35
41,91
34,21
50,28
28,15
46,77
60,90
62,58
83,39
49,56
97,45
99,22
63,48
10,44
2,69
10,9
32,19
9,45
55,22
81,78
20,5
53,55
48,70
2,63
31,34
84,91
28,8
49,1
31,9
69,43
16,82
65,3
93,50
74,31
13,61
68,91
74,48
77,33
99,67
69,72
2,16
42,95
71,71
50,14
83,70
56,23
93,79
76,7
96,28
76,58
40,47
84,78
37,26
57,8
85,69
28,49
16,53
80,21
15,22
17,32
82,57
91,65
32,83
97,27
73,6
70,42
28,53
100,85
73,78
65,52
78,25
71,91
72,73
72,61
7,81
100,24
91,90
70,64
1,56
26,21
95,18
63,30
36,85
47,23
20,96
17,70
4,83
38,7
91,13
57,47
28,86
73,97
86,55
48,66
88,90
75,65
71,67
45,31
13,3
87,63
86,36
86,85
27,38
33,15
75,30
86,1
61,14
47,92
90,62
19,100
25,83
65,25
84,65
74,36
54,90
35,78
2,62
46,66
16,60
8,78
59,32
61,4
23,40
22,37
58,82
25,74
16,37
56,51
53,68
13,88
12,24
65,30
36,65
95,43
99,91
61,9
2,85
13,68
65,58
25,29
23,69
74,37
25,84
68,52
98,6
56,40
31,2
37,73
38,35
40,16
54,6
3,86
79,5
12,13
88,87
41,23
58,50
50,22
42,1
20,99
18,86
26,50
41,81
86,50
22,84
63,23
24,62
32,54
35,50
15,51
72,60
96,68
27,64
2,27
42,46
15,84
68,17
56,63
16,79
78,63
75,33
26,73
49,81
85,98
51,8
10,85
92,54
80,51
86,43
72,22
57,42
40,28
40,73
6,93
4,66
3,30
88,24
46,100
29,2
45,92
99,15
87,8
54,66
31,86
73,18
67,97
6,34
95,99
11,90
66,43
40,12
30,67
71,41
15,61
85,96
30,33
86,10
90,19
64,41
4,68
27,45
20,29
16,30
62,10
13,82
93,91
5,98
37,12
88,39