100,12,69
35,69
23,79
64,17
36,61
88,69
78,30
35,26
88,95
30,95
35,17
17,37
63,2
96,88
64,61
70,11
73,79
99,79
81,2
87,80
75,18
33,43
40,6
9,36
87,19
20,1
51,55
87,93
57,32
26,72
53,99
11,50
85,29
45,86
36,1
3,33
82,35
54,5
26,24
58,15
5,62
26,35
96,11
79,16
24,19
79,98
41,28
29,2
61,14
56,53
24,80
26,78
71,94
17,71
37,20
63,85
43,82
100,10
30,76
33,98
23,91
1,80
95,6
64,2
43,3
45,26
59,62
68,70
99,93
66,28
38,78
75,13
18,14
57,83
51,90
57,41
93,51
49,30
32,100
86,99
34,6
79,91
95,18
93,3
84,93
30,33
26,13
82,22
80,4
36,19
89,25
64,31
73,36
47,12
21,42
43,14
51,92
63,32
44,87
37,56
20,27
77,77
80,84
73,37
62,36
93,54
13,34
80,91
12,54
4,94
27,100
5,2
85,53
88,9
39,4
59,42
26,71
21,69
97,92
31,86
74,9
65,60
50,33
35,100
26,3
83,24
52,31
49,70
24,74
61,57
80,70
63,90
18,20
82,99
98,82
43,21
92,49
67,31
66,10
97,31
59,7
80,25
1,72
86,84
71,61
100,71
28,2
14,33
96,22
26,63
44,91
74,1
29,87
75,38
24,95
68,81
95,96
68,98
80,55
93,2
39,8
72,96
32,59
95,26
25,36
68,48
70,64
7,12
92,89
40,73
18,36
14,58
42,50
37,54
66,60
81,92
10,13
38,2
93,77
12,86
92,37
15,35
10,69
97,59
34,94
22,47
48,62
13,33
67,27
32,58
52,67
83,39
89,62
5,86
46,62
93,30
93,67
60,26
42,1
47,43
65,8
60,69
34,52
25,49
66,11
31,45
54,35
71,27
75,81
4,90
6,19
67,14
55,71
99,22
22,38
48,64
47,16
89,42
64,57
73,14
2,11
2,12
100,65
68,4
77,88
60,2
75,90
69,70
77,73
13,59
97,94
99,96
3,65
83,26
44,45
69,47
66,74
10,85
24,70
96,19
76,76
46,65
47,78
10,52
96,6
85,69
20,25
76,41
93,90
12,73
87,53
8,50
50,74
20,63
84,22
35,97
4,88
90,79
46,29
19,24
88,17
80,87
96,73
11,62
6,92
23,69
55,24
22,18
12,48
24,7
74,5
26,50
6,57
19,35
70,41
65,42
37,64
84,27
29,96
6,53
43,36
57,28
40,62
21,2
20,14
33,33
99,56
83,71
35,73
66,13
15,51
72,66
64,99
28,9
39,47
13,73
7,63
26,27
3,69
15,24
76,49
88,45
47,6
45,27
99,29
31,23
9,49
79,22
20,98
68,1
81,63
73,5
20,61
11,8
79,2
52,93
30,94
84,69
82,82
90,17
32,96
90,52
100,46
84,82
49,92
52,28
13,61
72,57
73,67
85,16
1,19
50,99
5,84
11,46
11,71
57,19
63,15
55,55
66,100
68,13
85,7
31,54
91,11
74,71
96,43
50,83
69,89
11,36
37,69
65,47
94,56
44,19
30,13
82,9
80,53
2,30
93,10
78,4
95,30
96,99
57,89
55,77
87,15
88,91
38,35
59,22
59,65
93,97
98,60
1,98
92,34
85,79
45,63
50,44
87,23
90,21
86,91
46,95
39,57
3,32
8,80
74,100
25,23
35,25
7,54
29,90
10,19
86,14
19,100
39,28
16,65
59,18
54,40
84,48
61,36
5,66
27,68
33,8
64,11
63,17
6,68
9,13
39,70
67,20
9,44
40,36
18,69
71,3
26,62
12,55
60,31
7,55
5,69
99,86
45,39
32,20
91,14
60,82
13,45
62,64
10,77
97,29
47,21
84,31
66,57
31,28
66,1
18,98
36,87
75,20
72,87
98,88
89,27
82,85
84,67
60,87
42,36
29,92
55,92
99,42
92,92
29,80
62,35
63,69
17,74
98,13
2,95
47,23
62,22
9,91
60,56
90,10
45,33
70,65
64,26
31,52
22,8
63,75
48,5
27,28
45,67
92,43
13,96
24,92
98,30
17,73
76,100
13,37
24,91
35,5
84,89
53,15
15,18
10,74
17,84
60,32
26,19
79,27
76,15
11,90
19,12
86,80
71,59
19,53
37,59
76,19
2,4
11,75
22,71
70,42
73,96
8,72
45,43
48,35
19,79
98,56
14,34
76,13
70,6
63,6
19,76
91,9
1,18
48,78
67,45
16,25
77,32
61,10
97,50
12,66
71,93
76,82
26,14
13,31
92,5
49,69
84,98
27,77
27,26
15,83
76,77
61,43
3,99
30,58
100,24
85,20
42,100
100,22
22,14
85,5
18,76
84,86
58,34
80,63
70,45
66,44
38,14
99,58
47,82
7,68
92,98
1,54
72,49
61,37
39,33
62,75
34,18
15,22
88,74
75,71
65,16
20,53
52,78
37,93
91,40
55,69
17,77
18,18
85,68
65,55
23,13
90,62
47,77
93,16
2,70
47,84
6,17
54,66
64,34
90,29
100,5
20,46
25,20
94,23
32,69
21,61
37,62
60,95
85,87
19,39
56,44
80,99
96,48
64,36
20,35
57,24
83,69
67,71
25,68
11,83
72,2
79,41
4,81
15,88
25,22
62,94
82,54
17,24
28,70
32,51
23,56
24,34
62,57
20,40
94,32
46,89
33,41
27,98
51,47
96,14
67,9
94,49
77,18
41,46
28,80
56,56
35,93
5,49
21,11
82,94
90,34
62,59
46,24
91,57
47,59
86,77
61,28
6,74
46,64
71,2
34,41
66,43
8,16
30,82
3,11
43,29
69,59
86,18
66,29
76,2
68,18
43,63
93,62
92,36
73,25
12,76
51,9
62,5
79,23
26,29
91,8
18,46
32,89
57,58
8,74
2,55
91,56
34,96
90,28
15,97
76,88
88,13
100,98
42,47
68,74
61,5
45,54
80,26
70,27
72,46
15,95
95,13
33,92
20,57
43,67
53,84
47,46
74,30
5,97
97,20
40,41
27,93
16,43
32,85
90,42
18,96
3,68
21,4
9,88
29,59
97,37
81,82
7,95
91,45
91,39
62,41
70,49
20,96
66,19
61,35
91,30
78,29
90,99
27,41
4,25
5,31
20,15
85,52
50,90
56,22
37,5
32,28
52,24
33,86
100,53
58,69
88,39
93,8
23,94
63,23
6,63
77,43
65,20
56,75
34,46
52,64
4,98
95,11
15,87
68,53
67,38
45,32
89,12
44,75
88,80
81,6
49,62
52,12
43,13
45,34
13,22
41,57
27,95
87,65
67,82
89,54
19,25
68,59
27,3
37,94
32,9
15,56
99,64
52,42
73,53
79,74
23,33
43,31
59,57
68,61
77,48
21,9
28,57
53,72
40,33
76,62
100,3
59,60
3,18
18,17
21,34
65,48
68,43
48,83
100,19
22,7
7,69
95,31
38,79
80,59
38,75
31,63
2,85
74,23
34,84
39,46
68,51
2,76
52,53
49,37
17,4
87,89
94,5
51,10
41,1
43,89
96,28
3,95
74,66
64,66
74,68
4,71
82,25
5,55
12,100
48,89
67,90
60,47
92,74
2,8
16,40
72,53
19,63
42,17
49,59
21,5
92,62
88,84
19,7
45,25
61,74
12,16
72,100
44,85
21,62
38,91
17,81
6,81
33,23
64,74
77,62
51,64
21,100
28,45
41,77
77,6
61,96
13,23
44,23
63,4
81,75
55,61
72,5
21,96
10,70
5,67
19,18
74,93
83,84
26,4
99,43
74,64
72,73
55,30
21,31
30,64
6,10
2,23
9,7
82,49
93,25
18,66
80,94
63,63
28,43
97,10
88,92
25,83
31,100
5,71
53,98
2,14
63,7
71,48
3,42
73,18
51,42
26,59
62,96
66,63
39,20
37,60
80,43
41,26
72,24
76,31
32,2
54,19
56,17
57,43
66,99
21,16
100,94
77,61
79,18
85,46
23,98
14,8
1,48
96,50
10,17
9,37
80,78
45,58
82,46
38,46
38,66
9,29
19,73
63,68
63,84
76,52
42,88
28,5
100,86
52,68
59,47
99,40
23,27
58,25
24,55
22,20
89,37
46,88
68,8
23,4
87,30
49,65
55,14
51,84
95,9
43,58
64,94
2,63
47,85
14,67
8,44
46,67
70,69
47,94
5,1
61,91
68,28
88,94
90,96
22,78
82,56
52,59
28,41
61,25
58,42
13,58
67,95
19,95
67,69
4,67
7,47
90,53
63,37
70,32
14,39
31,60
29,50
53,73
20,32
92,61
41,54
32,33
49,94
7,70
50,65
9,64
23,5
96,96
77,66
1,88
38,47
29,33
82,7
55,94
34,1
10,39
1,32
41,2
43,40
92,82
22,98
95,24
97,100
73,82
45,22
18,56
19,9
52,16
11,14
45,84
85,17
88,68
71,6
56,61
100,40
20,33
97,30
84,20
30,67
73,92
33,46
47,99
31,30
45,68
52,54
86,68
38,28
100,60
69,25
60,93
89,79
51,41
51,61
87,37
97,67
81,77
7,24
49,28
40,21
59,93
27,67
93,83
24,6
38,34
65,13
78,17
68,50
68,87
25,6
98,94
76,38
74,72
15,66
97,1
39,10
81,16
94,40
97,71
26,56
67,19
62,15
52,8
91,58
71,98
85,1
36,47
25,57
75,100
65,84
17,57
7,75
61,75
10,23
8,6
39,95
44,41
34,56
12,59
43,71
80,44
69,17
21,15
97,12
26,32
6,56
15,45
42,73
43,33
39,42
52,23
64,62
70,30
91,37
36,50
20,97
12,4
30,62
68,77
96,84
38,51
70,10
84,73
13,68
77,90
34,85
79,56
99,87
62,81
12,41
20,39
11,70
27,69
31,69
65,72
30,51
28,28
91,83
2,79
13,84
86,11
86,52
68,5
99,20
59,79
5,39
55,4
26,89
15,68
61,84
7,48
46,15
67,24
29,56
67,46
60,74
25,97
33,81
52,74
12,21
36,68
69,80
4,47
89,86
33,35
39,13
90,46
46,93
19,52
98,81
75,15
79,81
48,71
49,7
12,5
48,21
66,52
97,9
9,65
16,84
43,86
14,50
98,45
68,23
62,63
52,66
3,39
13,75
32,3
50,79
1,26
50,64
96,21
65,74
52,49
2,20
36,71
67,33
61,21
62,8
18,86
41,42
21,38
45,11
68,85
38,85
39,49
71,63
85,71
25,67
7,41
87,39
58,41
27,10
42,11
36,9
59,66
100,29
66,33
82,45
67,67
8,73
54,26
32,92
19,43
43,50
52,48
97,76
57,42
32,41
19,32
53,78
49,87
37,22
61,3
5,61
57,80
97,35
100,74
69,11
35,2
14,24
42,92
48,80
29,31
87,11
69,37
33,65
60,61
25,58
81,74
10,53
51,4
83,99
63,87
1,61
100,96
89,14
59,92
57,59
24,97
23,84
56,77
16,41
59,32
54,23
45,2
28,4
26,22
56,54
90,58
64,19
13,35
87,71
64,22
10,2
88,73
100,49
25,38
40,2
49,86
70,79
31,92
24,59
3,80
41,96
1,29
64,97
99,73
80,71
33,66
77,69
91,53
29,7
58,68
45,78
68,69
61,17
12,12
16,33
77,50
58,51
5,7
6,71
21,60
3,81
83,60
43,44
23,75
96,40
30,23
19,92
92,80
34,63
77,7
86,12
12,35
54,25
49,83
64,6
67,76
100,81
97,85
60,59
6,12
26,36
38,64
15,32
81,43
3,84
61,24
30,2
100,30
26,93
9,34
8,14
91,33
43,10
50,53
62,21
98,73
94,95
12,52
9,89
21,85
77,39
29,21
42,14
100,82
95,83
35,47
34,4
81,13
29,83
28,73
71,69
35,52
82,1
28,90
29,17
46,44
23,72
28,58
21,73
89,28
23,14
74,63
79,93
29,46
85,10
94,67
9,27
34,58
30,86
1,68
16,100
92,4
27,36
56,40
76,50
77,56
75,12
18,31
66,83
18,21
13,91
88,63
87,50
67,34
31,5
31,78
97,88
24,29
49,96
15,31
11,35
1,44
66,41
85,59
76,96
32,83
51,79
18,89
83,100
74,56
56,47
59,77
47,62
80,23
51,73
51,15
27,85
57,84
59,20
76,64
62,17
54,4
76,55
14,82
29,44
85,50
24,76
1,92
44,29
68,20
6,90
88,49
58,17
22,44
6,41
61,78
62,13
14,20
53,87
81,68
73,68
75,99
11,16
86,69
40,69
28,91
39,83
53,50
17,36
83,96
60,98
81,62
82,89
57,23
71,72
18,38
92,26
7,74
14,84
24,8
39,48
37,24
39,56
71,38
12,96
17,14
68,15
91,18
17,76
51,62
42,71
49,15
50,8
23,36
83,35
75,37
30,91
38,82
8,100
10,38
28,49
44,67
80,2
7,64
40,81
94,75
11,49
43,83
29,3
20,87
35,51
81,81
49,26
7,83
85,62
88,56
9,96
43,99
53,22
87,42
7,21
32,31
61,88
23,24
13,11
55,2
1,17
66,88
57,96
29,84
25,9
30,46
14,5
41,87
86,30
27,87
15,27
57,62
82,55
33,54
77,47
31,77
83,76
78,80
9,68
2,87
22,16
47,39
27,30
69,100
22,34
42,27
34,72
52,32
78,43
66,81
33,76
69,84
54,8
33,80
6,21
58,11
38,93
1,30
12,22
13,93
62,39
71,79
20,77
36,73
52,20
43,46
99,71
48,11
90,61
23,97
34,14
94,14
64,13
34,3
38,52
3,78
17,11
10,93
34,38
25,28
17,31
94,39
94,97
48,59
37,63
1,39
9,63
33,55
32,84
81,19
81,53
35,11
83,45
8,32
88,23
95,4
89,74
61,87
40,53
54,28
81,50
98,71
95,50
34,90
81,66
42,85
85,94
69,14
81,14
3,90
63,77
49,79
47,63
34,92
70,96
5,83
93,65
62,54
100,4
15,41
75,79
10,16
70,2
40,16
83,8
12,14
97,16
17,95
44,16
16,1
22,87
82,79
73,40
28,88
7,71
99,13
43,54
1,90
45,18
76,45
61,66
58,37
22,65
49,72
9,23
12,99
42,40
66,59
69,72
93,23
47,31
3,98
14,37
44,73
73,4
32,79
24,28
81,80
31,96
80,72
91,32
36,25
37,21
29,60
6,47
61,18
17,44
74,75
32,46
94,98
37,18
21,54
30,98
43,52
72,61
39,22
59,80
24,69
69,88
49,35
3,12
85,40
70,37
32,73
65,50
65,10
99,44
77,3
93,26
94,77
83,52
4,59
74,26
15,34
17,2
21,63
41,62
31,26
63,39
29,24
90,4
66,18
25,30
71,89
28,11
91,78
97,64
72,13
69,41
60,30
32,18
9,22
96,58
1,14
57,73
94,8
31,39
2,68
75,58
90,25
41,50
34,43
71,73
78,94
15,59
66,37
88,30
54,31
18,32
76,4
95,38
20,4
47,91
34,53
66,70
8,81
76,81
38,88
22,32
68,99
11,45
34,27
1,97
15,19
24,75
55,84
36,49
1,56
72,50
17,66
89,43
44,80
33,14
46,8
3,66
1,69
94,84
54,64
71,14
3,67
25,54
77,15
10,26
78,87
68,84
38,6
6,84
60,90
24,48
89,90
51,68
79,90
90,36
79,82
5,5
49,58
11,95
40,90
54,56
4,86
39,71
72,48
89,49
44,55
73,78
73,38
100,91
64,72
66,46
54,69
60,17
66,24
57,8
89,23
32,14
62,51
3,100
75,54
42,62
74,37
96,72
62,37
13,95
38,30
94,74
73,57
62,70
99,14
22,21
79,32
73,23
76,53
26,95
31,2
27,21
52,19
74,67
63,20
15,49
78,15
30,88
1,67
8,48
52,63
52,6
75,92
47,83
41,80
59,53
15,80
91,43
20,48
99,37
35,9
28,44
97,73
47,30
92,64
81,97
22,79
23,9
47,53
88,20
42,45
22,90
15,25
89,53
75,95
24,56
67,15
50,15
61,72
69,82
2,19
28,25
77,40
36,88
82,93
20,69
60,46
61,61
27,1
17,67
80,80
67,62
100,57
24,22
40,11
33,25
50,85
66,78
69,77
18,99
37,79
74,91
32,74
96,82
61,20
14,54
75,10
6,59
21,35
84,79
57,61
42,48
74,84
59,1
40,45
69,53
100,1
59,72
2,56
31,44
95,73
21,29
30,36
57,25
10,5
24,90
99,92
91,72
81,90
8,78
44,21
91,52
20,24
51,48
51,97
85,95
55,48
82,75
81,49
22,40
56,84
54,61
58,14
48,66
13,74
58,8
11,31
38,95
22,24
34,34
82,30
74,60
15,29
10,56
56,69
30,7
44,6
70,26
90,81
66,30
93,1
51,20
70,92
66,91
92,53
58,7
4,50
40,89
57,63
84,2
59,64
87,18
75,73
80,50
25,71
22,35
82,68
97,19
24,11
98,69
47,34
89,1
71,25
78,33
24,68
55,31
96,100
29,79
79,5
93,55
80,20
61,30
98,62
63,73
33,71
69,50
5,17
67,86
51,88
73,56
12,51
42,82
79,52
36,36
39,35
16,85
25,44
83,72
17,10
92,95
98,32
83,31
48,54
84,11
10,64
78,84
15,77
9,92
69,24
11,43
41,55
10,37
22,42
59,24
77,41
93,68
58,5
75,65
61,42
33,21
6,60
71,66
10,55
2,98
37,31
16,28
90,18
68,38
77,28
58,81
57,95
45,16
64,54
53,49
93,33
19,80
73,31
32,91
31,49
20,90
9,28
74,86
44,36
84,36
24,67
2,27
88,85
81,95
94,53
12,83
67,2
18,13
95,33
46,92
86,46
46,45
19,2
44,70
38,50
19,93
96,68
50,71
90,33
29,76
99,41
64,48
63,96
13,2
79,1
69,40
70,59
35,96
46,99
30,16
56,8
19,27
17,9
29,30
33,16
47,15
43,24
51,31
97,93
97,11
9,4
30,87
89,40
23,67
56,89
52,83
81,10
55,95
38,70
82,38
35,43
39,55
43,59
15,76
99,65
66,77
60,75
28,89
76,16
73,59
67,12
97,69
48,86
67,54
23,57
80,60
99,30
99,94
39,75
94,90
80,62
65,32
39,60
1,57
20,21
1,60
40,39
40,10
79,28
15,28
28,48
26,100
78,77
63,67
22,2
33,13
88,83
23,32
56,79
62,46
79,58
92,48
98,48
68,92
77,16
66,68
4,29
74,96
41,60
14,44
88,81
50,49
16,61
37,12
100,75
41,6
27,79
52,30
97,55
75,41
7,30
85,80
100,84
40,84
5,28
15,73
20,41
93,46
94,33
68,33
86,49
64,44
60,11
4,22
10,68
23,6
4,84
27,51
72,27
35,76
2,75
33,85
2,21
8,79
50,25
71,42
89,24
7,49
4,80
45,3
50,94
22,77
22,93
84,62
49,32
8,8
60,52
73,70
29,14
9,10
72,36
11,39
7,31
18,68
7,87
86,48
80,57
65,56
25,91
51,35
24,85
8,43
15,6
66,79
99,89
39,86
73,20
17,98
99,11
94,29
84,83
51,12
39,50
11,40
26,33
17,40
96,81
84,15
55,98
88,34
34,86
33,29
49,48
20,95
11,17
65,95
61,12
33,30
5,9
44,62
91,77
85,55
95,8
37,67
57,76
53,5
11,66
30,26
53,75
6,3
2,36
49,49
32,76
13,88
38,55
46,1
11,81
91,44
18,67
87,82
25,92
96,93
10,78
30,85
29,43
10,86
29,94
66,49
44,56
66,22
65,91
20,72
87,61
44,37
70,58
42,68
40,65
90,88
65,14
94,79
42,41
66,65
69,90
49,63
12,11
16,39
97,25
89,32
81,30
42,15
29,89
72,95
69,45
70,5
16,73
51,2
71,7
67,77
62,29
27,7
87,62
73,43
43,69
44,28
51,60
64,96
70,68
22,13
87,27
42,30
98,33
14,1
16,36
84,14
36,62
54,76
36,10
78,65
41,74
34,65
91,76
13,70
60,42
53,48
2,26
28,59
2,82
89,65
26,69
24,37
56,16
24,100
82,88
3,26
69,27
9,21
1,73
73,24
80,89
28,67
75,72
26,37
91,61
82,53
65,38
13,48
90,92
7,33
30,5
5,48
39,3
71,68
11,15
81,11
57,54
7,60
22,41
68,6
66,4
47,32
6,48
53,82
84,75
8,59
51,89
70,1
100,7
16,6
21,26
54,22
93,18
67,3
89,73
61,31
31,87
12,18
31,68
35,13
73,17
19,50
88,28
46,59
48,37
76,35
96,29
83,22
44,93
52,46
10,97
4,44
44,4
6,13
14,42
98,26
91,41
80,47
22,6
64,89
3,30
72,21
100,78
69,6
16,5
97,66
33,97
1,24
71,87
16,71
32,6
98,68
81,29
13,7
13,43
97,84
31,33
42,58
96,18
74,94
69,35
98,10
1,2
17,45
46,72
34,25
66,73
43,65
45,60
8,26
4,85
67,17
77,63
72,76
89,72
50,70
59,27
40,91
30,83
65,34
39,14
88,88
74,51
38,99
74,31
30,6
96,91
35,63
99,47
40,29
6,64
49,97
17,13
48,96
100,31
88,79
21,48
79,3
94,87
37,65
84,21
97,96
5,74
21,7
82,19
84,34
58,85
88,2
18,85
63,54
8,75
49,23
74,87
90,41
34,49
18,77
33,95
4,69
56,19
36,63
55,83
49,85
85,18
65,27
63,56
35,66
18,88
72,72
72,77
41,12
88,89
69,62
62,93
75,96
63,50
18,1
23,76
80,10
38,65
40,61
87,49
32,39
3,79
75,76
45,57
17,43
79,78
29,57
87,77
56,23
23,44
29,4
99,77
83,16
47,25
8,4
64,86
14,19
77,99
79,50
69,9
72,97
74,13
56,51
8,65
36,67
64,56
73,97
50,36
12,33
100,79
34,64
58,91
31,36
42,95
91,27
6,23
68,91
38,27
13,20
8,24
74,62
97,32
51,65
79,51
12,64
31,72
39,66
71,82
73,27
44,48
3,36
1,93
23,39
95,1
53,58
90,45
61,39
45,77
79,38
48,17
74,97
27,81
85,75
6,66
11,4
48,9
50,61
95,91
66,26
4,12
69,23
92,63
68,56
50,1
53,85
93,17
93,80
65,41
57,98
57,4
9,81
64,35
82,67
5,27
57,57
1,76
81,83
30,18
17,90
93,43
92,90
1,82
82,73
73,73
78,37
61,76
44,46
96,8
16,29
100,66
61,90
4,20
45,56
33,68
69,91
96,90
73,2
33,18
67,98
68,30
50,5
68,79
77,84
38,92
10,11
95,7
46,74
23,1
24,46
75,88
60,43
81,5
4,63
33,4
93,79
35,60
87,21
68,68
2,2
46,100
40,1
75,80
59,51
48,8
52,40
74,45
64,52
21,8
92,70
8,89
59,67
30,28
30,63
96,15
4,54
40,78
41,93
46,66
12,75
65,5
46,5
76,84
82,37
29,99
55,18
91,62
73,35
19,74
38,3
46,91
81,70
8,92
33,20
11,73
76,98
3,16
51,37
54,95
99,60
61,82
20,78
79,46
51,67
98,74
88,54
82,43
8,9
58,30
68,25
1,94
89,89
39,99
25,21
82,18
50,67
48,1
80,88
43,19
86,40
98,37
48,36
100,17
30,55
17,48
87,74
92,45
64,23
70,84
88,43
72,68
22,72
93,75
21,49
56,43
30,84
65,2
26,76
36,51
9,58
23,43
24,42
1,37
3,86
58,86
56,34
40,68
89,64
16,60
65,65
11,7
49,66
71,9
57,90
18,83
68,17
35,3
20,16
24,84
69,98
41,72
5,12
11,26
71,84
1,74
15,36
58,100
77,21
27,54
33,48
23,17
41,7
62,45
1,79
46,78
84,13
48,91
7,37
2,42
98,39
50,38
100,72
53,62
18,2
99,33
74,25
47,88
31,62
24,9
66,56
36,30
52,2
17,19
64,18
23,34
61,68
96,80
27,64
2,45
53,47
79,7
90,63
34,21
37,6
90,78
30,80
20,68
97,65
28,38
40,26
16,97
86,57
90,40
56,10
81,72
36,93
19,64
20,18
34,82
82,5
24,15
50,26
84,57
30,20
28,78
37,78
17,38
29,86
58,16
44,18
83,28
42,2
46,97
70,85
10,29
18,15
87,9
99,39
9,18
17,78
95,72
67,32
62,99
25,100
41,33
95,70
32,22
71,32
45,40
81,78
49,77
49,95
79,42
30,56
8,55
100,77
36,65
2,57
37,95
40,74
54,83
20,56
94,37
57,51
10,7
99,46
94,1
32,1
65,99
8,31
91,99
68,21
18,100
47,18
18,9
53,70
20,34
29,29
31,50
40,75
74,15
31,73
43,61
36,28
50,91
50,89
42,25
30,21
50,68
47,5
32,19
83,19
51,7
2,66
50,100
95,28
47,50
30,71
14,83
56,58
4,10
56,85
94,15
97,26
49,73
79,54
30,93
74,54
28,21
58,60
35,58
77,8
42,8
73,29
25,80
92,66
66,51
75,23
7,13
38,32
29,91
77,96
81,4
63,70
58,74
100,20
70,81
78,23
68,67
80,90
69,49
56,76
12,70
53,56
37,66
84,91
68,19
72,39
15,84
14,65
16,35
41,65
46,71
50,4
82,2
33,26
96,65
52,81
3,57
88,7
36,20
21,87
25,29
19,16
40,32
40,20
67,66
69,44
60,33
2,10
33,39
11,61
64,39
47,2
36,16
45,97
23,10
88,50
57,2
92,22
30,10
92,10
3,2
66,27
34,79
10,60
84,70
27,89
60,63
6,8
96,55
74,83
39,23
11,89
50,31
63,38
100,50
42,22
95,19
51,75
65,51
85,45
12,17
81,73
26,7
75,57
67,87
23,96
11,97
83,18
13,12
12,87
99,84
9,51
15,48
47,54
41,84
37,13
28,24
100,26
32,42
55,10
74,8
30,12
58,23
21,27
51,1
29,51
34,44
70,24
52,27
45,51
91,82
19,5
24,83
61,48
25,87
64,84
62,43
5,47
68,7
69,18
46,51
31,17
20,84
28,76
82,10
100,100
44,65
48,99
59,56
91,29
81,26
2,41
87,54
36,81
74,17
90,94
77,17
80,66
100,63
8,83
25,96
73,49
48,40
74,29
3,71
69,34
83,34
99,53
54,77
40,40
91,80
92,71
80,29
96,41
73,45
10,100
98,47
74,32
73,44
47,28
26,31
44,63
47,17
68,22
51,29
46,38
20,28
67,6
48,56
46,55
20,80
12,74
69,85
7,100
79,92
31,22
15,39
37,1
51,74
84,94
14,92
17,52
100,36
28,74
92,55
98,95
59,71
73,88
40,60
32,21
50,3
50,84
94,19
14,76
22,22
54,14
51,36
19,66
95,79
75,56
43,37
53,4
5,63
24,81
2,71
45,61
86,63
5,94
30,35
79,17
23,46
67,42
34,36
84,45
6,44
54,89
82,44
59,84
5,25
82,86
84,87
64,65
25,90
84,42
86,58
58,18
41,23
62,1
25,14
24,94
71,92
23,78
29,74
65,57
12,53
63,74
7,61
49,88
67,36
84,76
28,77
16,31
4,76
50,6
70,90
76,36
66,40
41,91
36,78
52,52
25,11
77,30
14,40
60,96
73,51
15,65
69,61
56,20
92,94
98,24
57,55
8,30
37,45
18,23
13,51
7,56
1,45
30,32
95,58
2,72
79,85
61,13
59,11
55,21
13,77
37,9
43,60
82,80
94,36
18,12
34,62
52,21
46,69
46,82
68,16
82,70
24,47
98,87
69,76
53,67
48,10
50,17
17,60
12,2
65,96
6,9
70,47
74,40
91,28
92,46
68,89
60,72
17,86
47,70
69,46
41,27
49,47
78,1
40,100
6,24
48,41
8,34
84,26
64,53
47,7
6,51
34,70
73,84
62,90
31,59
7,9
30,66
77,86
80,33
99,68
91,79
60,81
91,71
80,14
34,83
1,3
41,19
100,21
47,79
100,83
39,11
96,10
52,98
14,26
100,14
65,54
72,58
10,28
25,47
84,55
99,61
18,63
65,59
100,8
91,81
37,96
51,70
40,76
81,96
16,74
86,37
58,12
84,56
9,95
71,36
13,100
38,9
26,51
42,74
48,58
73,46
90,98
17,54
100,61
53,90
9,100
40,51
8,60
64,49
95,12
42,24
72,70
62,68
12,61
44,53
85,77
6,88
19,82
67,81
60,39
95,27
2,1
65,37
59,95
43,17
40,12
83,29
7,96
1,86
2,59
72,83
21,98
27,22
89,97
11,2
14,97
54,88
47,14
77,67
95,52
26,2
11,42
93,86
59,68
82,27
53,29
27,5
4,6
90,86
1,50
16,16
66,76
28,83
10,84
70,52
14,53
35,31
84,39
32,26
44,27
33,32
22,48
60,25
70,57
53,52
18,4
53,100
41,47
98,51
96,66
59,89
46,57
2,93
82,3
7,42
33,93
62,34
67,52
81,3
34,61
81,51
14,69
91,7
59,100
39,98
30,77
51,72
56,62
5,96
45,74
10,62
33,75
22,28
30,75
53,96
52,85
3,72
99,32
52,17
69,1
34,67
82,47
93,85
80,21
71,46
41,68
17,89
8,20
50,52
27,43
70,22
75,87
69,87
42,75
4,55
52,75
85,32
1,52
24,20
70,9
38,72
42,78
9,19
23,22
50,2
15,90
39,27
2,73
87,4
48,50
70,15
36,94
25,26
69,94
50,24
96,77
11,52
7,16
29,39
87,8
53,41
96,37
70,87
52,94
98,53
68,47
71,51
94,70
93,11
81,61
60,99
23,58
98,84
87,25
17,64
70,82
11,33
54,32
74,12
76,12
81,22
1,27
12,39
84,43
25,56
97,90
61,65
55,8
4,42
94,21
70,86
33,27
95,62
68,82
13,60
97,53
78,76
97,7
88,72
89,31
21,3
74,35
81,91
75,69
30,48
59,28
61,27
27,8
41,63
21,92
67,99
53,18
64,73
77,35
21,46
36,32
1,5
16,13
86,96
100,67
58,33
59,43
91,6
6,100
80,75
25,86
25,32
21,76
59,88
29,36
80,8
93,71
33,38
82,90
74,59
57,88
56,3
98,16
7,85
93,95
62,72
42,54
52,91
9,50
7,15
3,92
2,96
90,51
27,66
38,38
79,76
89,33
4,60
86,43
42,69
82,17
61,94
38,56
88,82
58,58
99,66
87,40
54,18
52,87
83,82
29,75
28,71
39,81
86,16
57,66
97,79
78,41
98,63
73,95
8,1
82,11
50,12
62,18
58,67
49,25
30,4
1,75
54,86
48,23
82,84
36,56
100,16
70,61
66,6
39,77
27,97
20,43
41,61
50,19
1,62
26,52
98,42
71,74
66,89
47,66
26,21
52,11
61,46
51,51
21,58
52,89
43,79
42,65
13,9
86,73
20,22
55,16
2,51
92,12
1,21
1,89
5,93
68,75
85,84
70,56
9,83
96,13
34,76
56,78
74,44
93,19
59,37
85,22
59,87
57,9
36,5
42,3
83,94
21,84
67,11
8,13
78,100
20,44
76,97
29,63
19,75
84,24
54,37
19,57
27,83
9,70
29,26
18,80
98,79
70,60
52,95
68,3
36,18
96,79
30,57
66,8
71,96
61,64
56,5
22,58
87,33
66,3
1,53
90,11
62,53
11,34
11,22
35,15
88,87
40,44
22,56
27,65
56,32
50,39
6,99
84,5
27,4
68,78
62,76
9,25
56,37
42,20
82,21
89,48
88,4
36,74
36,33
27,39
2,100
3,63
81,87
25,99
82,23
17,50
9,55
14,77
89,94
94,64
43,85
71,57
6,22
21,12
60,65
92,88
2,39
20,23
42,77
94,78
31,74
6,20
29,47
19,59
57,38
7,98
52,76
85,89
30,38
29,77
69,63
55,81
7,10
35,89
22,99
19,83
37,30
64,45
26,45
76,54
93,57
69,57
96,75
2,69
64,95
4,100
58,82
89,41
45,70
53,57
58,61
5,3
65,79
35,70
21,44
87,70
46,10
95,41
36,59
28,51
7,67
54,93
18,82
74,90
69,95
10,43
18,49
41,34
17,33
81,18
9,79
67,91
24,58
15,100
74,7
13,94
25,40
44,71
1,59
70,38
88,60
79,15
7,43
4,79
35,87
4,31
20,82
62,82
22,82
94,11
13,30
57,69
6,55
85,47
12,38
39,7
55,60
10,33
55,40
12,43
62,16
85,64
77,100
50,45
94,65
36,96
58,40
67,94
19,99
8,33
20,70
43,27
24,98
79,4
22,76
41,59
80,65
85,72
11,28
73,60
79,19
35,23
53,43
57,93
9,38
72,37
32,30
67,48
62,87
55,67
54,100
88,32
54,3
18,91
50,14
93,36
82,40
63,19
39,85
69,12
51,85
95,68
80,22
97,97
40,97
49,39
42,79
81,56
33,44
18,93
91,93
98,80
21,37
42,63
89,9
42,7
63,10
72,93
96,30
82,81
99,95
29,88
47,90
46,70
2,32
98,8
32,87
73,93
85,8
56,50
67,7
34,68
56,11
43,5
76,90
55,66
48,92
17,91
24,44
70,66
49,34
87,95
13,78
49,16
86,9
18,60
1,28
95,78
31,16
77,27
72,71
72,3
37,99
33,10
64,51
100,32
9,11
93,87
82,63
48,3
80,95
42,59
16,68
53,92
57,75
26,8
25,16
6,2
46,39
75,59
16,2
16,77
62,26
20,59
76,43
38,49
29,9
66,2
74,81
13,41
16,90
9,76
5,13
56,12
52,9
86,82
32,75
65,92
25,60
79,40
46,76
38,48
94,26
19,45
46,48
7,44
86,22
100,37
28,54
47,10
72,35
12,77
65,24
6,29
64,12
4,8
15,5
92,27
26,53
81,28
41,51
63,94
2,48
22,10
48,73
13,46
48,68
9,5
94,28
76,68
50,98
28,95
98,35
60,89
59,90
44,84
17,80
58,24
35,44
29,1
6,7
72,8
59,26
45,75
8,52
70,31
39,76
36,35
30,92
65,43
89,88
74,21
75,29
64,20
35,77
36,7
43,68
14,38
26,9
41,49
44,30
20,83
99,91
11,99
89,36
94,99
46,7
66,71
76,78
47,24
36,48
20,65
46,54
40,80
4,28
11,9
83,9
33,74
60,22
81,15
18,7
35,6
53,53
72,74
96,53
26,28
70,51
78,81
53,45
53,16
76,21
62,23
76,39
30,19
89,78
74,99
1,100
53,33
4,92
21,56
63,53
67,55
55,46
100,97
31,29
25,1
55,51
41,88
99,54
36,44
93,53
85,4
51,38
94,17
86,24
76,8
78,56
52,1
79,77
3,45
71,24
10,81
36,85
34,11
58,9
6,75
90,66
70,18
7,97
33,60
9,94
55,35
45,53
23,2
10,36
4,99
8,5
16,26
92,79
64,4
46,33
25,50
48,47
3,8
63,47
37,77
32,47
28,92
54,97
88,42
31,95
22,55
67,41
24,32
15,94
95,63
28,22
80,17
85,97
39,40
8,99
75,33
64,70
11,13
11,94
39,5
1,38
27,42
22,62
26,12
83,87
95,98
61,70
55,6
47,27
15,10
17,28
28,98
64,87
54,58
82,92
21,64
58,4
1,10
57,15
58,53
25,62
54,7
81,65
14,75
29,55
35,45
43,70
58,36
71,19
75,25
28,3
47,80
37,46
67,4
27,45
2,46
69,79
50,46
51,59
12,82
78,32
97,63
63,18
66,17
93,7
83,53
9,41
54,94
37,52
11,23
27,71
60,37
92,57
84,12
10,22
31,3
4,17
82,91
18,53
24,5
75,75
4,14
96,98
51,30
65,87
92,15
33,56
17,32
56,1
93,35
10,6
91,67
89,66
64,83
26,44
77,23
70,83
72,98
86,60
71,8
49,80
27,50
15,69
68,32
50,41
20,47
81,9
15,42
53,36
7,11
53,65
30,61
29,16
89,81
80,93
21,80
47,64
32,44
22,37
88,98
68,93
95,76
59,13
9,33
1,95
28,97
23,23
76,32
6,28
17,29
3,29
96,39
63,81
80,48
70,43
69,83
89,13
69,69
60,62
47,4
68,24
34,2
49,78
83,59
45,9
72,69
87,10
89,10
61,34
50,55
15,53
7,57
30,1
28,63
25,37
24,35
33,45
39,37
84,61
5,88
13,57
12,85
57,14
51,82
32,66
56,28
66,53
24,33
48,28
54,55
15,46
21,88
3,22
23,90
76,91
66,75
64,8
37,15
54,73
80,100
67,93
10,4
22,46
58,72
34,54
63,14
79,95
48,55
48,95
84,95
77,92
43,72
93,88
62,25
68,29
3,60
95,45
85,28
89,100
92,39
64,69
8,93
25,78
20,71
95,87
7,2
77,4
57,20
74,73
13,15
34,74
20,2
76,29
44,7
90,76
38,63
40,17
58,63
46,58
58,31
52,60
27,73
1,63
43,77
70,4
33,40
33,57
58,98
41,56
14,12
95,67
5,45
41,76
60,21
60,13
16,49
21,94
77,94
7,94
93,39
56,80
1,85
78,49
85,43
61,50
67,39
90,35
64,75
3,96
35,32
56,73
3,76
14,3
22,23
89,38
78,20
4,37
91,13
6,16
64,80
86,28
23,80
36,97
93,15
79,96
44,11
55,62
15,2
92,44
1,66
37,37
96,56
80,74
93,32
9,6
1,84
52,37
60,64
35,62
5,87
36,89
83,1
65,53
25,53
15,58
75,77
11,100
77,45
67,88
40,5
73,83
10,98
46,37
94,63
88,15
20,26
50,7
45,50
1,77
32,70
75,7
89,5
64,41
76,73
28,66
84,85
50,54
19,81
87,35
100,23
38,31
62,71
39,12
54,63
80,35
57,92
46,27
24,24
56,38
19,3
47,98
28,20
28,50
39,6
78,28
98,85
43,80
20,19
27,62
4,48
99,81
57,72
26,77
55,36
77,54
80,68
49,8
5,20
52,25
88,5
24,31
41,32
5,22
75,6
82,96
56,45
5,38
22,67
18,94
35,33
33,61
99,82
99,35
90,95
41,100
90,8
52,3
15,26
11,53
14,99
85,27
58,49
44,17
11,37
59,58
38,86
60,24
4,27
96,63
29,40
50,18
61,55
71,62
57,36
25,45
18,24
12,95
33,78
78,22
53,91
99,15
57,29
84,81
83,65
94,51
88,86
93,5
27,32
58,35
10,99
35,72
11,74
85,11
52,92
32,53
2,97
68,44
96,87
38,60
47,68
64,42
37,51
68,71
100,35
78,45
65,67
41,37
55,41
1,33
45,21
13,42
84,37
45,71
63,44
82,71
6,14
67,13
80,27
22,84
12,10
45,42
11,84
67,72
40,22
31,37
80,42
38,81
2,28
67,49
94,43
90,70
35,49
22,73
90,14
53,71
61,59
20,85
37,91
70,46
93,48
94,10
85,98
56,35
98,17
100,93
35,16
48,67
98,20
89,59
75,63
24,78
83,91
83,40
82,14
82,8
3,53
14,78
75,93
58,70
54,49
85,25
7,86
8,94
14,29
59,61
12,71
54,92
7,14
87,22
51,66
33,91
29,72
73,80
15,47
63,100
73,26
2,83
94,66
3,49
22,95
64,90
45,38
53,23
2,22
41,17
18,55
61,2
84,97
57,5
41,64
92,33
3,34
18,54
43,30
84,30
37,33
49,36
76,71
91,88
73,85
51,56
6,5
49,11
37,34
91,15
16,52
69,22
60,19
81,93
19,33
92,32
64,82
69,65
52,13
86,88
59,46
44,68
64,88
9,86
44,54
83,88
47,87
92,42
32,77
25,77
66,72
41,39
4,7
6,33
29,5
95,71
6,85
39,94
99,83
96,17
27,24
5,59
93,96
55,20
6,15
74,27
84,38
9,78
83,62
65,77
8,66
23,28
13,90
57,37
47,19
99,69
71,55
2,9
13,67
92,38
1,7
96,59
72,29
36,84
93,24
95,65
98,65
37,57
38,100
45,85
62,19
98,21
31,14
27,17
23,16
100,47
88,76
32,37
54,74
98,15
58,87
45,55
81,57
4,21
20,60
60,15
85,36
27,60
12,20
74,10
40,25
95,88
43,47
62,67
36,75
52,36
86,15
17,51
46,75
49,1
34,75
55,96
83,30
63,92
41,25
94,4
60,60
38,97
19,65
57,30
83,5
51,71
60,38
46,94
70,34
32,12
34,37
71,56
35,36
22,100
37,10
20,92
60,71
69,39
13,83
73,61
86,38
74,50
40,43
96,9
49,40
74,52
79,63
96,31
85,61
60,68
81,84
4,78
14,17
17,27
91,25
87,85
89,8
44,92
93,61
22,50
35,78
43,64
99,4
76,37
5,95
83,66
55,99
41,75
40,37
38,96
83,38
7,66
39,21
81,85
24,51
17,62
49,51
8,86
42,52
32,97
19,36
26,20
40,87
71,29
83,70
78,14
43,91
83,85
37,48
22,27
6,97
85,44
68,45
21,22
21,51
40,52
62,24
73,39
60,4
58,80
36,91
62,11
17,58
82,15
87,84
53,13
82,12
4,73
61,92
46,25
60,57
7,45
38,57
62,3
9,99
47,40
27,75
64,25
73,71
27,23
54,50
94,46
2,6
57,46
88,36
38,76
54,48
45,73
10,24
58,79
70,29
79,26
14,90
38,42
43,25
37,28
79,65
76,47
61,1
60,14
54,33
81,17
5,89
55,42
29,73
72,91
53,46
67,28
23,31
4,66
94,61
4,82
29,49
98,75
41,83
37,55
45,95
48,20
48,84
32,38
52,80
31,46
84,60
58,94
5,70
7,89
57,39
24,62
37,72
39,53
77,13
79,73
100,13
40,31
93,70
20,42
80,18
9,52
64,21
31,40
53,79
66,98
60,49
22,85
24,27
81,100
29,70
90,93
81,94
49,22
47,33
63,31
29,35
40,46
87,36
33,69
65,71
27,91
31,41
94,6
93,20
52,18
25,39
52,33
80,38
44,81
87,31
88,44
80,28
46,77
4,15
86,75
59,76
45,41
26,99
32,36
95,32
13,89
60,16
80,96
26,43
90,84
69,5
3,31
92,25
3,14
32,56
98,97
65,64
70,94
83,93
58,20
48,27
95,85
59,75
93,98
50,43
53,3
88,78
47,74
73,12
52,79
4,40
19,96
20,89
59,35
63,27
25,10
55,82
63,30
18,3
22,88
17,72
91,84
27,37
11,63
90,38
72,43
4,38
20,49
30,49
14,52
21,72
66,64
37,92
38,68
70,98
21,18
34,30
95,14
57,3
18,37
23,30
80,76
45,72
3,7
57,50
95,25
48,93
86,74
97,18
59,38
71,52
75,85
87,44
77,58
37,19
70,63
8,64
78,9
72,88
73,66
39,97
18,81
59,31
95,90
85,48
78,88
56,26
86,56
94,16
42,34
51,44
74,24
31,13
81,12
21,14
13,72
59,44
32,40
78,31
71,45
18,47
26,86
92,93
54,70
23,59
51,52
15,44
59,69
98,70
32,60
40,82
72,99
26,61
92,87
85,38
4,77
55,25
14,47
98,46
89,85
44,13
93,99
73,21
58,64
3,85
10,58
86,95
99,67
61,63
57,11
56,18
47,57
60,84
73,9
63,98
88,26
48,7
34,98
55,56
24,52
76,10
45,87
51,11
68,86
91,42
93,84
15,57
92,83
25,7
61,54
37,53
23,49
3,59
61,71
40,13
57,78
6,94
46,41
54,65
60,73
82,13
16,7
93,66
56,64
10,71
48,77
62,12
64,77
75,48
92,60
29,58
34,15
80,9
89,68
53,40
7,38
16,70
30,47
2,3
34,77
3,94
80,34
21,89
90,56
40,27
2,7
58,96
13,3
42,70
41,13
67,79
45,46
22,66
28,60
91,75
57,56
25,59
24,23
87,68
54,85
79,67
44,78
44,83
96,32
47,97
76,74
72,59
20,79
30,9
96,83
85,31
79,75
8,35
81,48
70,48
93,72
61,33
62,7
9,73
7,39
74,98
14,57
69,21
20,7
61,26
70,91
41,40
95,53
35,30
74,11
72,79
98,34
97,54
77,74
8,47
59,63
96,45
75,22
11,72
11,78
45,29
30,97
54,90
88,70
73,89
31,65
70,88
95,89
59,15
10,41
25,17
81,58
3,54
91,69
66,55
48,29
8,23
76,94
76,51
75,84
48,22
44,12
43,84
92,56
39,25
69,74
62,65
83,86
89,71
31,51
95,54
7,18
24,50
95,97
74,58
29,53
18,50
84,40
2,31
31,48
86,90
83,48
52,71
35,98
30,17
43,95
89,52
81,89
97,91
59,9
28,1
73,28
25,74
6,73
94,91
