0
100
0.7437817312 0.3805356153
0.3324829215 0.0513334847
0.8901733270 0.2260721065
0.1894992876 0.6463008803
0.2317546477 0.6161791872
0.1135220699 0.4825958720
0.0351498598 0.7005554925
0.3894342900 0.7398535777
0.7284392170 0.8215792642
0.5648361811 0.7451137640
0.1880894559 0.8711976605
0.7474703436 0.2981094902
0.8211121423 0.9304479084
0.1165912190 0.1584756193
0.1629395614 0.2961330742
0.2012880548 0.4639501856
0.5718590678 0.8360890325
0.8547468813 0.8261816313
0.7424488699 0.9826438210
0.0106638615 0.8595430501
0.1833088815 0.5732839554
0.2464984101 0.9383944901
0.5084829903 0.1782066901
0.8979816706 0.0495228489
0.3773196373 0.5163515436
0.9702718865 0.7090282697
0.1841197568 0.0546676742
0.3733755787 0.0467147380
0.1467724806 0.9097887794
0.0729287557 0.3260820231
0.2726806325 0.7269502322
0.5921604445 0.3643048579
0.7906295776 0.2978981798
0.9268361682 0.5441242685
0.0288544550 0.2977034981
0.3422061502 0.3683653418
0.3924126616 0.6698083020
0.7094594289 0.7978345992
0.0470696111 0.8692965118
0.0089119540 0.9346390708
0.1522579663 0.3862935139
0.3781324307 0.9655086231
0.0022711035 0.7145651864
0.6154373595 0.6634914060
0.2327044356 0.2047993460
0.3626626561 0.1614326352
0.3282585606 0.0477176785
0.2858453763 0.1569342806
0.0283706878 0.9690797468
0.4484270176 0.1860340730
0.8687416149 0.0868049258
0.7288146938 0.1116296207
0.0196777222 0.7798522669
0.5726145172 0.5127141350
0.7862686932 0.3491621345
0.5895770669 0.2317777848
0.6207730616 0.7128776485
0.5062721519 0.9402688148
0.2641857859 0.3712280137
0.7677358913 0.2157975502
0.6818129670 0.4008699750
0.6448103814 0.2898044693
0.7867810372 0.2941474302
0.0486224406 0.3207040741
0.5557586813 0.0456435947
0.3796242492 0.7750543295
0.0327718059 0.0065640941
0.6458460161 0.2580905004
0.8898432101 0.6769031447
0.7734864502 0.9250021853
0.6672901354 0.7860095509
0.5026940427 0.4256200809
0.5518646185 0.7240829135
0.5123686391 0.1877193765
0.5675229766 0.6302944594
0.4500386982 0.7279347258
0.3514623610 0.2176416489
0.3563473531 0.5943214327
0.2671637213 0.7203085711
0.5684059216 0.4908862798
0.4665327181 0.1862194025
0.5622504187 0.1119505482
0.6548305770 0.7056357400
0.3518635151 0.2229968494
0.7349396427 0.0660622412
0.0007004325 0.5646903440
0.2116089155 0.7543901497
0.5213841627 0.2280543326
0.2216772748 0.1891213045
0.9402116254 0.2513187539
0.3228730582 0.5586797943
0.5853398054 0.3227495334
0.7216403906 0.6662325527
0.7209958880 0.6388058087
0.4495443995 0.7371038400
0.4947837979 0.1632608972
0.1081589038 0.2317832000
0.7911347355 0.7604621000
0.1939415330 0.3256898524
0.9911765949 0.9346934069