0.1
100
0.5227164068 0.5606794904
0.2072150147 0.2708887442
0.5371172623 0.3551620375
0.7855563625 0.2330186680
0.4206088641 0.2320998409
0.8289111565 0.8289260982
0.2216150961 0.1670721392
0.9509257615 0.6206537502
0.1773519826 0.3508352253
0.0304710452 0.9214167563
0.8113777704 0.3474261834
0.2455942857 0.4646205593
0.5542225962 0.2601258457
0.0523189229 0.0929605550
0.8812693748 0.3713759775
0.2513894067 0.8209052910
0.5177209086 0.5674721504
0.4823470685 0.7342164641
0.3474023851 0.4848305431
0.7118618630 0.5817614504
0.2803126524 0.7218529982
0.5420343142 0.5877246308
0.4832519176 0.6488921751
0.4544209474 0.9664257664
0.0585169130 0.3185437471
0.4268248122 0.8573054455
0.4675693050 0.7294707969
0.7124333734 0.9142389212
0.7397468750 0.2291907657
0.9546732366 0.5811911063
0.7805011307 0.1547326387
0.2261915881 0.1653274267
0.8993090005 0.9047985123
0.0266628649 0.1790465760
0.0143203412 0.5130398124
0.7516579387 0.0640026578
0.8589672358 0.4492855965
0.6536026109 0.3330359929
0.9151749854 0.8140366714
0.8558911174 0.3700335021
0.7284783724 0.3112656325
0.5525092365 0.6130905593
0.7222617892 0.3855396364
0.1280609142 0.6129487319
0.6215048541 0.6917097853
0.5668811965 0.5065344244
0.1208298665 0.6288862509
0.1849575297 0.7745255209
0.4873113279 0.0151466759
0.4146701414 0.7622248151
0.3754215312 0.1054000670
0.0999019008 0.3346200706
0.2496510435 0.0620563304
0.5178564494 0.2093624627
0.4597559210 0.6766275468
0.1339630341 0.9654969247
0.1942485408 0.6101139078
0.9175350599 0.4611287048
0.2496622541 0.6710031573
0.8983888186 0.4098130330
0.7962847238 0.6819402093
0.5284177194 0.1633055277
0.0954683498 0.2995987918
0.3271563370 0.3274128240
0.4292906312 0.7470144160
0.2366580220 0.6980347719
0.3402511656 0.7936142089
0.0885482290 0.1460905180
0.6468561463 0.4754058549
0.5949055871 0.5028727571
0.6003552588 0.9862641836
0.3146610578 0.2014760964
0.9785599035 0.8909808435
0.1184951989 0.4152964693
0.8745857224 0.3117189493
0.7777520327 0.7012009577
0.4315266699 0.0217408260
0.4366777181 0.7028178557
0.7984815273 0.4437542288
0.8923305238 0.2984996699
0.1390183497 0.3949481845
0.8027986283 0.6888620056
0.6100757966 0.0467668732
0.1719002363 0.3104039153
0.8474649850 0.9746958580
0.7173305881 0.1345660534
0.6435490426 0.3618123722
0.0192587122 0.8656851190
0.1833419239 0.3895769502
0.6676663056 0.7866544394
0.4171818987 0.6003209306
0.9792600943 0.5177017027
0.8912994480 0.5481109587
0.2385778010 0.7515473443
0.6320131452 0.3681476061
0.8329475273 0.1073075054
0.4849510808 0.9895823376
0.0972485299 0.6058581022
0.6476098539 0.5926134679
0.1619615000 0.9109773355